Country,Q3 07,Q4 07,Q1 08,Q2 08,Q3 08,Q4 08,Q1 09,Q2 09,Q3 09,Q4 09,Q1 10,Q2 10,Q3 10,Q4 10,Q1 11,Q2 11,Q3 11,Q4 11,Q1 12,Q2 12,Q3 12,Q4 12,Q1 13,Q2 13,Q3 13,Q4 13,Q1 14,Q2 14,Q3 14,Q4 14,Q1 15
ALGERIA,641,334,311,356,469,382,452,313,331,342,325,409,516,433,578,751,741,739,760,953,894,880,844,968,1083,1053,1160,2034,2180,1913,2289
ARGENTINA,1225,1260,1148,1090,1149,1291,1356,1075,1061,1209,1322,1448,1522,1966,1721,1945,2037,1845,2181,1940,2038,2031,1919,2009,2822,3049,3163,4234,4213,4500,4646
ARMENIA,441,365,296,393,483,464,482,381,373,464,484,702,870,923,1195,1433,1463,1606,1689,1778,1773,1803,1997,2374,2867,2960,3167,3622,3536,3193,3800
AUSTRALIA,1923,2115,2035,2183,2465,2479,2825,2600,2289,2134,2521,2783,2822,2880,3292,3439,3468,5167,3462,4204,4149,4082,4298,4839,5535,5822,5974,7072,6945,7369,7641
AUSTRIA,3324,3438,3287,3483,3625,3745,3732,3678,3745,4010,3684,3651,3519,3831,4238,4881,4944,4857,5158,5549,6218,6090,7735,8559,9786,9430,9433,10400,10431,9794,10375
AZERBAIJAN,320,317,288,367,399,504,635,605,547,737,828,1097,1011,1067,1086,1305,1481,1587,1473,1699,1991,1986,2280,2557,2845,2868,2788,2974,2905,2731,2990
BAHRAIN,700,692,552,727,667,909,1669,1249,1129,1409,1308,1354,1366,1742,1533,1795,2167,2290,1986,2189,2016,1987,2233,2258,2249,2194,2350,2481,2728,3336,3650
BELARUS,593,788,818,848,991,964,972,1038,788,1166,952,1188,1334,1622,1950,2121,2268,1771,2069,2016,2072,2210,2366,2752,2554,2643,2860,3111,3739,4079,4898
BELGIUM,4118,4021,4207,4352,4672,4523,4887,4571,4439,4764,4553,4909,4700,5339,6208,6362,6086,6104,6885,6345,6463,6627,7495,8325,10004,9724,9983,11192,11367,10848,11881
BOLIVIA,364,304,264,335,354,432,456,348,261,311,259,274,305,354,357,403,413,505,548,641,820,835,824,911,1072,1040,946,1093,1129,1246,1528
BOSNIA AND HERZEGOVINA,1130,1090,1068,1341,1497,1390,1263,1219,1161,1201,1425,1431,1437,1528,1736,2048,1962,1979,2466,2502,2610,2455,3008,3412,3556,3646,4117,4564,4588,4911,5655
BRAZIL,698,857,861,900,1010,992,1133,1083,1085,1321,1185,1280,1392,1612,1600,1748,1804,1667,1984,1916,2051,2099,2131,2434,2691,2694,2611,2901,2946,2993,3378
BULGARIA,2020,2212,2196,2904,3354,3422,3676,3864,3783,4083,4590,4270,3969,4003,4745,5099,5205,4766,5276,5080,5901,6000,6715,6724,7719,7397,8798,10776,10866,10957,12291
CANADA,3553,3436,3294,3602,3862,3769,3979,4301,4235,4752,4787,4723,5005,5446,5581,6026,5942,5617,6458,6514,6704,6802,7561,8221,8817,8956,9740,10407,10297,10701,11564
CHILE,1255,1196,1098,1521,1301,1751,2393,1933,2203,2277,2036,2019,2295,2336,2474,2775,2917,2697,3031,2632,2693,2679,2808,2935,3304,3356,3279,4438,4067,5011,5721
CHINA,673,715,698,636,937,841,832,801,825,879,704,875,976,965,1016,1151,1392,1366,1489,1481,1653,1773,2169,2809,2866,3374,3157,3712,3791,3445,3706
COLOMBIA,573,686,665,762,970,1178,1448,1373,1394,1550,1444,1576,1680,1851,1824,2093,2453,2252,2427,2301,2417,2460,2641,2887,3038,2945,3003,3371,3381,3685,4527
COSTA RICA,786,781,780,696,744,712,794,960,730,800,726,814,921,1037,1228,1419,1450,1559,1805,1871,2076,2103,1994,2108,2143,2067,2010,2291,2730,2824,3027
CROATIA,1894,2638,2276,2321,2442,2497,2426,2936,2951,3101,3024,2887,3044,3028,3075,3370,3303,3204,3297,3171,3496,3280,3723,3985,4063,4064,4305,4704,4720,4532,5158
CYPRUS,827,842,759,913,1038,1064,1118,1162,1080,1267,1346,1461,1778,2030,2439,2743,2721,2486,2854,2692,2739,2684,3743,4247,4385,4164,4409,4789,4722,4522,4848
CZECH REPUBLIC,3972,4743,3672,3929,3858,4365,5031,4901,4750,5347,4934,4874,4949,5157,5733,6462,6355,6017,6493,6514,6885,7346,9012,9794,11309,11388,11168,12563,12330,12344,13577
DENMARK,3196,3407,3619,3930,4383,4403,5018,4668,4775,5364,5273,5018,4883,5143,5418,6118,6072,5606,6712,6677,7249,7018,8057,8413,9472,9855,10547,11656,11197,11855,12781
DOMINICAN REPUBLIC,572,501,448,428,474,517,591,483,366,423,389,501,797,851,823,1225,1353,1382,1567,1564,1615,1666,1772,1837,1785,1783,1588,1605,1607,1705,1922
ECUADOR,533,662,678,602,610,687,648,551,516,653,577,785,919,988,1144,1236,1336,1381,1740,1985,2348,2467,2241,2929,3597,3393,3295,3599,3606,3739,4056
EGYPT,555,457,389,446,512,494,528,504,553,691,658,734,748,671,709,838,851,907,1133,1171,1139,1187,1050,1090,1174,1263,1248,1366,1448,1504,1690
EL SALVADOR,686,787,795,723,730,766,802,717,641,710,621,772,1115,1405,1355,1673,1751,1636,1737,1711,1783,1747,2263,2538,1946,1986,1904,2114,2446,2368,2425
ESTONIA,3026,3091,2923,3264,3463,3623,3849,3772,3823,3825,3704,3776,3753,3861,3782,4283,4501,4368,4971,4655,4858,5025,5645,6156,5766,6128,6765,7711,8073,7890,8945
FINLAND,2733,2781,2780,2907,3148,3201,3429,3296,3429,3629,3937,4078,4380,4834,4913,5685,5652,5907,6852,6574,6821,7118,7846,8121,8600,9066,10725,11575,11749,12082,13671
FRANCE,3195,3117,3071,3133,3155,3243,3480,3217,3307,3467,3221,3374,3331,3515,3603,3918,3836,4061,4879,4625,4781,4790,5026,5713,6546,6592,6588,7074,6902,7075,7535
GEORGIA,913,577,535,693,815,1820,1738,1670,1571,1651,1594,1623,1698,1663,1768,1931,1953,1994,2101,2305,2565,2611,2874,3351,3859,3904,4199,5469,5287,4972,5568
GERMANY,3208,3245,3282,3333,3666,3807,4193,3661,3702,3949,3840,4100,4192,4304,4672,5183,5157,4994,5654,5653,5759,5881,6851,7278,7611,7692,8131,8930,8719,8838,10166
GREECE,1525,1608,1850,2484,2557,2660,2831,2972,2872,3232,3007,2989,3129,3419,3488,3810,3726,3816,4033,3947,3984,3987,4627,4766,4585,4870,5253,5669,5481,5778,6388
GUATEMALA,726,638,565,617,617,653,705,561,515,572,551,569,780,1113,1056,1299,1179,1172,1808,1815,1942,1935,3245,1960,1737,1854,1854,2110,2144,2388,2787
HONG KONG,7265,6732,6091,6860,6958,7098,7535,6917,7667,8834,8736,8264,8910,8875,8746,9746,10048,8422,8897,8537,8596,8899,10725,10820,12597,12240,13276,15670,16260,16814,16740
HUNGARY,3392,3457,2885,3068,3227,3139,3451,3303,3693,4102,3977,4203,4094,4330,4802,5355,5481,5133,5263,4978,5150,5089,6385,6477,6702,6876,7478,8809,8822,8709,9387
ICELAND,4407,3448,3625,3578,3379,4091,4411,3839,4129,4588,4406,4305,4282,5123,5070,6339,5820,4642,5365,5496,5262,5408,6975,7169,7712,7497,8016,9630,9832,9594,11662
INDIA,942,919,859,848,863,788,909,903,879,864,800,820,843,784,788,841,941,839,974,1019,1045,1239,1290,1371,1551,1598,1732,1995,2006,2047,2265
INDONESIA,690,817,905,1070,976,865,1106,1012,714,712,884,842,744,600,619,642,750,771,719,770,1183,1435,1530,1733,1495,1626,2378,2500,3726,1880,2169
IRAN,682,694,689,785,738,708,845,650,491,501,462,472,466,543,504,611,564,562,658,755,657,722,629,1082,1220,1203,1331,1484,1399,1560,1890
IRELAND,2605,3102,2675,2269,3026,3798,4087,3977,5049,3791,4050,4271,3808,4140,4746,5215,5796,5813,6032,5150,5547,5533,7249,7997,9486,10251,10687,12615,13911,12670,17374
ISRAEL,2917,2764,2458,2527,2886,2869,2757,2706,2556,2677,2910,3173,3401,3465,3496,4112,4407,3882,4340,4655,5239,5330,6931,7356,8262,8211,8922,11003,11364,10649,12074
ITALY,2506,2454,2490,2698,2951,2862,2756,2728,2540,2819,2621,2717,2941,3022,3256,3696,3507,3449,3627,3416,3324,3328,4280,4749,4794,5209,5231,5803,5540,5585,6124
JAPAN,6542,6672,7274,7443,7141,7099,7988,7302,7921,7674,7860,8026,8451,8293,8072,8910,8943,9049,10919,10739,10513,10795,11309,12101,13727,13045,14623,14878,15004,15152,15215
JORDAN,1280,968,1063,1116,1559,1024,1373,970,913,1026,1215,1110,1138,1027,1037,1273,1358,1413,1665,1705,1734,1708,1675,1986,2195,2110,2299,2653,2709,2850,3300
KAZAKHSTAN,521,501,417,568,466,426,470,433,398,441,693,850,689,741,856,991,1595,1346,1598,1654,1828,1834,2184,2868,3563,4023,4271,4928,4778,4666,5095
KENYA,233,349,347,368,388,342,342,209,353,569,371,431,470,490,469,519,544,574,543,1775,1868,1946,795,1034,1260,1892,1873,1847,1957,1417,1837
KUWAIT,1026,1401,1690,2763,2725,1806,1776,1933,1356,1515,1301,1424,1689,1660,1665,1656,1887,1606,1571,1577,1620,1628,2410,2383,2843,3016,4253,4551,4619,4329,5202
LATVIA,3824,3102,3296,3839,4562,4476,4673,5031,4748,6295,6294,6223,6019,5943,6347,8210,8866,7398,8761,8662,8675,8876,9492,10614,11934,10416,11958,13517,13355,13003,13785
LEBANON,396,496,422,644,943,896,1195,895,813,954,644,308,311,345,365,390,445,1031,971,1029,1281,1318,1375,1344,1299,1280,1178,1321,1430,1566,1643
LITHUANIA,1640,1846,1720,1760,1894,1614,1781,1781,1753,2001,2533,3163,3324,3463,3704,4748,5122,5127,4939,4935,5109,5210,5740,6483,7947,7417,8223,9891,9933,11656,12901
LUXEMBOURG,3163,3031,2793,2810,2576,2620,2812,2541,2533,2798,3079,3678,3773,4055,4443,4752,4443,4425,4733,4536,4654,4658,5150,6094,6387,6469,6685,7524,7815,8324,8765
MACAO,2291,2430,2377,2510,2694,2401,2493,2742,2891,3111,2567,2915,3099,3121,3464,3535,4725,4137,4635,4460,4281,4617,4814,5048,6043,6584,6939,7598,7936,8932,7580
MACEDONIA,1273,1361,1236,1388,1742,1847,1822,2318,2254,2403,2322,2413,2189,2541,2644,2827,2949,2916,2983,2957,3200,3061,3428,3600,3908,3846,4548,5359,5314,5421,5709
MALAYSIA,1201,1136,1014,1079,1091,1110,947,827,837,1131,942,1189,1649,1480,1370,1669,1661,1562,1835,1986,2048,2122,2716,3094,3186,3033,3522,4250,4062,4089,4280
MALTA,1974,2158,2073,2049,2211,2370,2156,2293,2665,3220,3046,2985,2910,3004,2994,3715,3596,3370,3894,3542,3588,3444,3682,4672,5466,5953,7063,8313,8334,7845,9108
MAURITIUS,242,200,266,258,810,1194,1177,1012,1083,1288,1019,1015,1032,1263,1224,1450,1370,1295,1480,1511,1428,1448,1506,1717,1975,1851,1908,2294,2393,2505,2613
MEXICO,1081,1133,1035,967,1012,949,1037,991,1058,1374,1278,1490,1593,1750,1862,2214,2491,2381,2794,2725,2798,2942,3221,3559,3895,4009,3997,4372,4132,4482,4916
MOLDOVA REPUBLIC OF,760,827,1062,1586,1865,2339,2447,2832,2795,3924,4153,4526,4070,4100,4054,5475,5466,4104,4275,4351,5031,4948,7073,7763,7662,7680,8519,10292,9704,8716,9678
MOROCCO,2377,1871,1962,1919,2030,1829,1584,1732,1984,1629,1654,1612,1858,1695,1494,2019,1471,1295,1139,1634,1674,1710,1910,2302,2479,2427,2322,2532,2610,2433,2914
NEPAL,1090,2475,2446,2048,1447,635,852,433,498,756,1018,918,904,960,704,837,842,847,805,934,899,932,794,949,1585,1567,1121,1187,1389,2476,2209
NETHERLANDS,4548,4201,4165,4272,4427,4793,5348,5112,5243,5504,5582,5977,5691,6238,6748,7667,7923,7787,8250,7340,7754,7802,9688,10116,12717,12385,12419,14326,13964,14200,15344
NEW ZEALAND,1999,2076,2147,2207,2514,2699,2784,2578,2659,3007,2870,3205,3178,3405,3459,3792,3955,3466,3835,3824,3898,4011,4289,4612,5138,5282,5585,6778,7047,7334,8380
NORWAY,4503,4421,4055,4324,4488,4482,4700,4158,4228,4475,4408,4121,4236,4376,4342,5051,5032,4831,5430,5221,6148,6546,7245,7355,8937,8919,10100,11518,11428,11393,14076
PAKISTAN,429,449,391,525,643,694,673,758,575,980,716,725,784,740,821,778,756,831,861,932,824,890,950,1288,1338,1290,1344,1671,1390,1466,1633
PALESTINE,1612,1549,1424,3124,2382,1045,820,642,321,562,606,619,645,876,1028,1304,1357,1043,1230,1371,1418,1449,1378,1822,2103,2062,2277,2426,2733,2674,2930
PANAMA,611,689,678,734,853,914,976,984,1044,1311,1251,1661,1865,2144,2107,2402,2530,2258,2783,2349,2588,2629,2591,2627,2734,2763,2610,2783,2892,2949,3169
PARAGUAY,194,181,197,198,267,317,406,362,306,401,323,361,394,441,406,498,651,768,866,967,1139,1084,1103,1271,1454,1390,1197,1313,1344,1366,1437
PERU,942,863,782,750,825,828,842,840,772,993,928,1082,1212,1608,1308,1425,1438,1329,1645,1792,1936,1955,1871,2058,2434,2669,2735,3098,3609,3997,4495
PHILIPPINES,1014,1031,976,1071,1154,1113,1096,905,796,862,889,904,997,987,1129,1182,1127,1066,1155,1201,1273,1308,1390,1554,1766,1955,2066,2461,2461,2663,2797
POLAND,1835,1774,1605,1892,2033,2012,2008,2015,2043,2294,2364,2734,2994,3127,3473,4106,4029,3860,4336,4284,4464,4513,6021,6609,7388,7489,7474,8117,8626,8757,9843
PORTUGAL,2347,2521,2673,2630,2907,3214,3632,3582,3577,3789,3947,3902,3927,4727,4917,5373,5111,4956,5367,4704,4834,4993,4988,5419,5875,6039,6396,7857,8019,8038,9152
PUERTO RICO,1088,1039,1008,1204,1230,1614,1418,1437,1348,1557,1864,2181,2481,2719,2622,3044,3041,3117,3505,3612,3466,3401,3578,5027,5329,5045,5761,6894,7194,7996,8195
QATAR,808,808,867,1136,1091,1197,1412,1603,1483,1671,1428,1626,1418,1521,1683,1880,2302,1649,1647,1805,1790,1820,2118,2707,2881,2639,3208,3498,3962,6379,6899
ROMANIA,3458,3743,3461,3817,4954,5174,5846,6159,6150,7202,6232,6702,6925,6943,6573,6731,6565,6335,6563,6503,6343,7012,7697,7506,7853,7223,9271,11771,11317,11609,12768
RUSSIA,2074,2008,1910,2070,2225,1953,1979,2093,1974,2192,2074,2586,2613,2938,3198,3970,4274,3780,4551,4831,5094,5065,5935,7041,7836,7412,8551,9183,9119,8962,9426
SAUDI ARABIA,1373,1635,1365,1242,1501,1539,1541,2111,1941,2170,2209,1882,2025,2052,2034,2208,2018,2015,2273,2049,1688,1604,2034,2459,2795,2652,3200,3668,3802,3282,3783
SERBIA,875,927,812,804,904,1088,1287,1325,1299,1343,1307,1385,1399,1649,2106,2353,2418,2390,2724,2764,3056,3055,3648,3817,4068,4275,4801,5663,5832,6476,6989
SINGAPORE,2170,2681,2478,3166,3632,3796,3903,4124,3612,3887,3532,3735,3841,3900,4119,4458,4326,4464,5117,4988,4834,5396,6568,6525,7792,7931,8412,10392,12217,11694,12938
SLOVAKIA,4094,5056,4089,4351,4441,4552,4606,4468,4407,4544,4220,4197,4018,4400,4843,5498,5621,5496,5863,5603,5795,5734,6056,6391,6768,6588,7293,8152,8645,8169,9410
SLOVENIA,2829,2893,2560,2684,3204,3186,3269,3214,3157,3426,3577,3341,3326,3541,3365,4343,4326,4152,4484,4282,4610,4832,5329,5767,6240,6343,6903,8091,8481,8503,9111
SOUTH AFRICA,775,686,1120,910,1274,1344,1203,1014,943,1209,1121,1062,1227,1379,1481,1505,1606,1502,1828,1796,2129,2113,2166,2287,2260,2345,2603,3026,3585,3230,3350
SOUTH KOREA,12042,13668,10987,13816,12477,15034,10882,11185,14571,12103,11686,15765,13207,6993,8687,10245,16737,15997,15749,14207,14675,13972,9644,13345,22163,21882,23629,24583,25250,22228,23630
SPAIN,2354,2543,2420,2554,2598,2641,2640,2649,2480,2933,2500,2727,2714,2960,3424,3991,4045,4002,4611,4607,4801,4927,4999,5872,6940,6653,7159,7968,7751,8181,8940
SRI LANKA,375,393,375,399,466,477,485,469,627,1135,868,812,871,822,917,950,954,842,1103,1175,1376,1397,1593,2133,2143,2544,2822,3528,3430,4294,4829
SWEDEN,4772,4767,4527,4824,5486,5858,6672,5860,5671,6208,6193,5571,5046,5139,5037,5322,5393,5639,6336,5854,6765,7265,8916,8961,10449,10902,11624,13634,14134,14626,15817
SWITZERLAND,4562,4629,4380,4730,4919,5077,5648,4905,4863,5113,5301,5086,5345,5635,6213,7287,7508,7290,8102,8428,8693,8737,10089,11009,11588,12041,12741,14915,14525,14523,14947
SYRIA,429,464,480,455,437,463,529,562,307,2299,3042,2044,1563,1944,1772,1367,1441,1284,1670,1824,1732,1798,2041,1252,1486,1367,1743,1797,1756,1831,1968
TAIWAN,3239,3215,2832,2729,3757,3957,4585,4102,4476,4197,4204,3909,4815,4468,3801,3762,3708,3467,3565,3366,3906,3553,4072,5492,8214,8351,8887,9480,9542,10553,10473
THAILAND,1098,929,780,894,1237,1442,1631,2024,2296,2393,2743,2748,2545,2493,2645,2933,3144,2839,3164,2994,2845,3247,3923,4452,4745,4828,5155,6300,6610,7061,7357
TRINIDAD AND TOBAGO,540,788,1122,1190,1325,1221,1308,1512,1296,1616,1459,1620,1992,2149,2175,2429,2306,2340,2978,2859,2889,2978,3074,3477,3851,4440,4557,4937,5078,5419,5913
TUNISIA,2124,4155,2395,4015,3725,3744,2825,2181,2220,2528,2414,2400,2985,2683,1070,1297,1317,1144,1277,1392,1404,1449,1483,1749,1930,1789,1835,1891,2350,2142,1652
TURKEY,1447,1296,1274,1264,1232,1255,1134,1009,1175,1559,1460,1718,1816,1824,2408,2601,2726,2580,2658,2541,2640,2634,3007,3500,4095,4004,4965,5474,5545,5763,6267
U.S. - ALABAMA,3554,3486,3572,3708,3935,3995,4254,3826,3595,3949,3711,3811,4194,4346,4353,4830,4895,4641,5538,5736,5958,5874,6440,7098,8120,8107,8934,9541,9994,10072,10535
U.S. - ALASKA,1915,1806,1824,1877,1907,1999,2076,2047,2237,2426,2693,2936,3153,3127,3422,3656,4042,3838,4518,4830,4934,4794,5225,5660,6482,6460,6966,7644,7246,7436,8189
U.S. - ARIZONA,3675,3369,3184,3291,3217,3016,3546,2927,3038,3269,3314,2926,3213,3306,3388,3903,4006,3787,4373,4622,5653,5839,6690,7020,9039,8631,8723,9434,10045,10317,11131
U.S. - ARKANSAS,2114,2035,2157,2505,2761,2631,2684,2460,2444,2610,2704,2885,2896,2964,3047,3334,3443,3175,3629,3896,3736,3764,4302,4543,6398,6706,7271,7459,7756,7942,8576
U.S. - CALIFORNIA,4033,4187,4157,4259,4503,4392,4513,4308,4434,4443,4609,4353,4652,4963,5655,5953,6122,5815,6255,6458,6984,7369,8582,8609,10316,10459,10888,11607,12024,12489,13663
U.S. - COLORADO,3103,3084,3165,3236,3321,3614,3600,3497,3460,3434,3350,3254,3656,3869,3942,4457,4477,4315,5138,5699,5528,5840,7595,7774,9384,9193,9739,10249,10690,10485,11557
U.S. - CONNECTICUT,4878,4938,5206,5446,5901,5556,5483,5451,5685,5577,5415,5143,5523,5496,5883,6482,7421,7056,8384,8701,9103,9232,9979,9987,11064,10950,11742,13684,15262,12478,13726
U.S. - DELAWARE,6233,7082,7061,7589,7451,7358,7290,6449,7079,7581,7610,7260,7189,7275,7514,8109,8545,8199,10179,12059,10883,10559,11125,10795,12722,12336,13110,16205,17394,16419,18572
U.S. - DISTRICT OF COLUMBIA,3794,3753,3738,3779,3975,3909,4396,4224,4413,4580,3911,3356,3562,4325,4377,4707,4406,4538,5447,5711,6140,6221,10845,11261,12019,12218,12831,13892,14559,14417,17278
U.S. - FLORIDA,3293,3314,3563,3680,4038,3835,3830,3757,3738,3861,3681,3654,3977,4269,4369,4554,4929,4747,5677,6098,6311,6628,7406,7957,9512,9682,10106,10609,10825,11431,12136
U.S. - GEORGIA,2806,2783,2714,2794,2956,2827,2916,2566,2576,2648,2459,2556,2745,2923,2872,3053,3147,3016,3801,3763,4668,4351,6839,6542,8012,8886,10742,12418,12131,10742,11989
U.S. - HAWAII,2984,2763,2757,2887,3238,3172,4003,4399,4547,4780,4536,4599,5016,4852,4662,5524,5129,4578,5205,5513,5485,5584,6395,6363,7792,8113,8403,9113,9005,9063,9129
U.S. - IDAHO,2884,2617,2548,2847,3224,2961,3395,2893,2984,2843,3241,3075,3845,3652,3684,4082,4059,3846,4317,4451,4706,4539,4843,5651,7063,7067,7736,8171,8692,8698,9172
U.S. - ILLINOIS,3202,2923,2886,2840,2973,2796,2832,2743,2751,2904,2739,2804,3066,3200,3345,3580,3678,3644,4302,4546,5325,5763,7640,7823,9225,8707,9206,9948,9965,10633,12025
U.S. - INDIANA,4875,4715,4623,4353,4726,4841,5056,5046,5045,5514,5241,5175,5541,5585,5811,6377,6842,6299,7514,7709,7940,7800,8092,7820,9204,9948,10684,11346,11821,11622,12845
U.S. - IOWA,3273,3197,3055,3028,3514,3859,4243,4025,4060,4111,4140,3736,4194,4188,4242,4878,4884,4453,5223,5858,6216,6049,6588,6977,8355,8367,8780,9226,9077,9667,11667
U.S. - KANSAS,3125,3152,2972,3120,3117,2907,3310,2719,2714,2775,2416,2361,2054,1685,1755,1800,2062,2817,4876,3496,4790,4959,4479,4308,6729,7996,8568,8853,9217,9504,10800
U.S. - KENTUCKY,3432,3466,3396,3355,3599,3463,3711,3603,3540,3351,3253,3437,3548,3646,3714,3986,3895,3607,4394,4375,4190,5333,5942,6516,7136,6902,7305,7839,7464,7832,8611
U.S. - LOUISIANA,3055,2986,2922,3057,3312,3311,3419,3061,3137,3451,3572,3584,3677,3668,3890,4228,4278,4109,4527,4636,4951,5074,5605,5864,7544,7878,7724,8099,8372,8702,9924
U.S. - MAINE,3611,3762,3936,4415,4858,5024,5287,5033,4969,4927,4707,4734,5290,5409,5582,5785,5718,5478,6573,6613,6836,6887,7278,7092,8443,8088,8723,8855,9031,9447,10320
U.S. - MARYLAND,4312,4351,4200,4377,4504,4130,4273,4368,4074,4310,4003,3648,3596,3625,3868,4363,4499,4493,5513,6010,7263,7208,7188,7152,9505,10927,11328,12172,12288,12014,13353
U.S. - MASSACHUSETTS,4355,4349,4506,4665,5250,5216,5359,5115,5318,5312,5290,4673,4799,5091,5156,5268,6043,5862,6615,6968,7356,7627,10691,11181,12842,12755,13083,13837,14406,14196,15380
U.S. - MICHIGAN,4376,4032,4106,4275,4601,4376,4326,4486,4479,4589,4525,4384,5041,5015,5251,5677,5832,5714,6629,6905,7132,7469,8290,8875,10480,10477,11807,12529,12706,12474,13927
U.S. - MINNESOTA,3642,3529,3393,3491,3969,3808,3968,4167,4130,4267,4338,4370,5260,4944,5064,5594,5674,5489,6013,6701,7435,7569,7992,8367,10086,10157,11054,11551,11712,11358,12699
U.S. - MISSISSIPPI,2821,2840,2833,3095,3546,3386,3438,3756,3521,3803,3620,3507,3747,3612,3997,4363,4389,4312,4869,5185,5418,5273,5660,5875,7018,7067,7585,8032,8400,8357,9307
U.S. - MISSOURI,3127,2965,2630,2811,3082,2765,2886,2731,2580,2783,2665,2707,2690,2708,2801,2986,3053,3058,3514,3625,5483,5579,6110,6316,7893,7175,7720,9005,9270,9829,10577
U.S. - MONTANA,3030,2903,2924,3015,3200,3227,3394,3296,3038,3170,3394,3348,3629,3729,3839,4061,4167,3976,5068,5278,5629,5451,5833,6161,7030,6700,7309,8421,8841,9051,10032
U.S. - NEBRASKA,2700,2654,2675,3111,3235,3015,3372,2914,3007,3097,3526,2861,3105,3375,3344,3809,3622,3498,4012,4259,6160,6253,6635,7317,8601,8598,9466,9625,10368,10646,12107
U.S. - NEVADA,4890,4819,4573,4621,4776,5078,5912,5065,5074,5431,5218,5449,5356,5600,5668,5942,6175,5927,6603,6804,6796,6935,7266,7650,10150,8707,10143,10124,10743,10895,12497
U.S. - NEW HAMPSHIRE,5218,5172,5341,5543,6526,6054,6509,6301,5925,5606,5820,5887,6045,5752,5931,6582,7787,8124,9357,10124,10411,10148,11621,10701,11937,11841,12320,12843,12513,12484,13540
U.S. - NEW JERSEY,4053,3978,3760,3812,3996,3862,4123,3775,3421,3503,3126,2719,2699,3223,3822,4156,4357,4740,5837,6425,7329,7030,8886,9002,10939,11004,11221,12364,13234,12194,13091
U.S. - NEW MEXICO,2813,2812,2719,2634,2981,3581,3575,3428,3208,3539,3631,3534,4106,4143,4067,5108,4939,4491,5021,5978,6159,6188,6284,6208,7523,7499,7642,8198,8289,7933,8727
U.S. - NEW YORK,4431,4482,4516,4779,5259,5130,5465,5344,5187,5164,4900,4477,4743,5136,5324,5698,5625,5668,6710,6943,7676,8149,9740,9756,11263,11119,11504,12177,12313,12634,13524
U.S. - NORTH CAROLINA,4489,4811,4627,4818,5194,4876,5399,5073,5042,5273,5015,4644,4891,5523,5745,6209,6490,5693,6726,7074,7395,7480,8434,8937,9484,9254,9695,10390,10456,10475,11194
U.S. - NORTH DAKOTA,4839,4227,4052,3655,4355,4448,4891,4020,4624,4845,4541,4478,4989,5317,5239,5869,6066,5243,6736,7925,7387,7179,9261,9792,10598,10262,11721,12421,12182,12737,13969
U.S. - OHIO,3275,3246,3135,3451,3712,3692,3696,3635,3569,3628,3519,3399,3559,3744,4032,4315,4575,4679,5613,5790,6271,6214,9432,9331,7470,8007,11238,15288,13228,6326,5272
U.S. - OKLAHOMA,4763,5165,4956,4916,5176,5268,5735,5034,4934,5027,4957,4906,5092,5156,5193,5878,6064,5411,6119,6224,6424,6514,6801,6939,8017,8195,8856,9252,9989,9702,10695
U.S. - OREGON,3323,3220,3492,3790,3861,4015,4396,4156,4103,4100,4093,3754,4334,4327,4449,4656,5328,5046,5968,6396,7000,7113,8588,9002,10767,11097,11670,12848,12619,12912,14121
U.S. - PENNSYLVANIA,3999,4049,4102,4270,4418,4396,4555,4505,4495,4704,4544,4381,4457,4633,4830,5354,5693,5682,6749,7297,7484,7565,9208,9481,10811,10619,11285,11942,12135,12215,13250
U.S. - RHODE ISLAND,5064,5064,5421,5470,5730,5379,5526,5345,5626,5479,5581,6175,6289,6829,6786,8228,8519,7489,8522,8986,9128,9327,9613,9940,11815,11709,12949,12897,13459,14097,15351
U.S. - SOUTH CAROLINA,3651,3768,3730,3937,4154,4221,4403,4261,4296,4749,4600,4406,4894,5226,5244,5712,5890,5519,6654,6816,7169,7097,8052,8145,9091,9219,9707,10302,10735,10445,10983
U.S. - SOUTH DAKOTA,3070,3026,3056,3036,3474,3220,3163,3513,3712,4692,4578,4364,4448,4454,4935,4957,5479,5374,6793,6915,7460,6840,8180,8492,9941,9626,10750,11432,11501,11733,12556
U.S. - TENNESSEE,3360,3433,3498,3782,4018,3916,3910,3414,3090,3237,3111,3029,3554,3918,3987,4257,4346,4322,6290,6230,6770,6768,7648,7987,9444,9244,9927,10585,10952,11072,11524
U.S. - TEXAS,2974,2946,2780,2935,3217,3107,3246,2992,3037,3260,3189,3166,3399,3662,3620,3768,3982,3589,4094,4236,5080,5371,7246,7729,9070,8803,9362,10081,10445,10662,12130
U.S. - UTAH,4096,4809,5272,5237,5696,5772,6370,5011,5630,5345,5556,5178,6372,6469,6668,7003,7918,7462,8513,8031,9032,9436,10332,10288,11551,11397,12086,12790,14799,13938,15654
U.S. - VERMONT,4838,5098,5030,5447,6170,5594,5867,5794,5909,5996,6275,6154,6670,6574,5914,7009,8268,7817,9079,9706,10376,10769,12358,8980,9368,9689,10239,10734,11291,10674,11858
U.S. - VIRGINIA,3383,3506,3557,3605,4301,4229,4405,4338,4391,4683,4569,4814,5210,5471,5866,6711,6779,6740,7741,8274,8369,8760,10586,10959,12681,14357,13743,10141,9231,17712,18467
U.S. - WASHINGTON,3437,3006,2907,3346,3482,3576,3770,3590,3361,3678,4006,3918,4284,4225,4174,4439,4618,4417,5278,5631,5884,5885,9661,10067,11387,11491,12468,14695,16910,10072,11309
U.S. - WEST VIRGINIA,4132,3986,3941,3706,4129,3721,4044,3675,4162,4114,3883,4068,3894,3679,3867,4514,4977,4501,5089,5171,5348,5356,5849,6097,7156,7105,7537,8177,8431,8293,9515
U.S. - WISCONSIN,4443,4241,4193,4295,4569,4492,4753,4481,4735,5201,5087,4975,5415,5545,5975,6287,6445,5792,6684,6757,7407,7342,7959,8341,10548,10571,11540,12194,12173,12301,13988
U.S. - WYOMING,2985,2879,3019,3288,3131,3117,3385,3301,3034,2898,3191,3409,3741,2818,2629,3063,4705,3169,3824,3754,5708,5706,6473,7073,7651,7363,7977,9183,8953,9797,10974
UKRAINE,1608,1281,1411,1479,1473,1354,1424,1570,1613,1902,1823,2207,2596,2820,3377,3969,4395,4018,4378,4540,4586,4792,5717,6767,7978,7325,8130,9534,9453,9321,9841
UNITED ARAB EMIRATES,809,917,1527,1289,1553,1364,1677,2189,1810,1714,1222,1465,2366,4274,4079,3276,6123,4793,4699,5224,5656,5672,5864,4555,4514,4155,4278,4608,4687,5742,6275
UNITED KINGDOM,3268,3265,3086,3185,3372,3526,3751,3375,3507,3768,3768,3869,3943,4227,4534,4905,4921,4812,5205,5150,5601,5753,7565,8399,9145,9447,9931,11103,10729,10874,11607
UNITED STATES,3672,3644,3609,3748,4019,3904,4075,3849,3847,3978,3869,3709,3965,4166,4346,4664,4879,4735,5559,5797,6396,6571,8034,8263,9524,9641,10513,11447,11487,11061,11875
URUGUAY,658,600,548,519,588,622,672,575,402,627,560,560,825,1113,965,1048,1033,1225,1335,1443,1612,1662,1713,1893,2198,3139,4303,5627,5451,5882,6668
VENEZUELA,1110,887,813,728,832,825,892,751,647,820,701,713,827,951,778,805,860,939,919,976,1061,997,1053,1254,1483,1487,1268,1383,1324,1437,1482
VIETNAM,703,811,836,881,962,838,1070,1584,1433,1506,1681,1746,1228,1594,1365,1884,1543,1574,1610,1594,1253,1471,1383,1665,2087,1810,2028,2875,2542,2684,3191
