Country,Q3 07,Q4 07,Q1 08,Q2 08,Q3 08,Q4 08,Q1 09,Q2 09,Q3 09,Q4 09,Q1 10,Q2 10,Q3 10,Q4 10,Q1 11,Q2 11,Q3 11,Q4 11,Q1 12,Q2 12,Q3 12,Q4 12,Q1 13,Q2 13,Q3 13,Q4 13,Q1 14,Q2 14,Q3 14,Q4 14,Q1 15
ALGERIA,0,0,0,0,0,0,0,0,0,0,0,0,0,0,0,0,0,0,0,0,0,0,0,0,0,0,0,0.1,0.1,0,0
ARGENTINA,0,0,0,0,0,0,0,0.4,0.1,0.1,0.1,0,0,0.3,0.2,0.2,0.4,0.2,0.4,0.2,0.3,0.4,0.4,0.4,0.9,1.4,2,5.9,5.6,7.4,7.1
ARMENIA,0.4,0.1,0,0,0,0,0,0,0,0,0,0,0,0,0,0,0,0,0.1,0.1,0.1,0.1,0.1,0.3,1.1,1,1,1.8,1.6,1.4,1.5
AUSTRALIA,0.9,0.9,0.9,1.2,1.4,1.2,2.5,1.4,1.1,0.7,1,1.7,1.6,1.7,2.6,3.2,3.4,8.2,3.4,4.4,3.9,3.6,4.1,5.1,8.2,9.7,10.7,15.4,14.4,15.7,17.1
AUSTRIA,2,2.2,2.1,2.3,2.7,2.6,2.9,3,2.9,3.9,3.2,3.1,3,3.5,4.6,6.8,7.4,7.5,8.6,8.8,11.3,10.9,15.1,18.5,24.8,24.5,23.8,28.2,28.1,26.4,29.3
AZERBAIJAN,0.1,0,0,0,0,0.1,0.1,0.1,0,0,0,0.1,0,0,0,0,0,0,0,0,0,0,0.1,0.1,0.2,0.2,0.3,1,0.8,0.7,0.9
BAHRAIN,0,0,0,0,0,0,0.4,0.9,0.8,0.9,0.5,0.2,0.2,0,0,0,0,0,0,0.1,0.1,0.1,0.3,0.2,0.1,0.1,0.2,0.4,0.5,0.9,1.4
BELARUS,0,0,0,0,0.1,0.1,0,0.1,0,0.1,0,0.1,0,0.4,0.3,0.4,0.8,0.4,0.3,0.4,0.4,0.6,0.8,1.2,1.2,1.7,2,2.4,3.2,4.2,6.8
BELGIUM,1.1,1.1,1.1,1.1,2.4,2.3,4.2,2.7,1.8,2.9,1.9,5.3,4.2,6,11.7,11.3,9.8,10.9,17.4,13.3,14.9,15.6,20.2,24.9,35.6,35,34.8,43.2,44.9,43.1,51
BOLIVIA,0,0,0,0,0,0,0,0.3,0,0,0,0,0,0,0,0,0,0,0,0,0,0,0,0.1,0.1,0.1,0.1,0.2,0.1,0.1,0.2
BOSNIA AND HERZEGOVINA,0.1,0,0,0,0.1,0,0.1,0.1,0,0,0.2,0.1,0,0.1,0.1,0.1,0.1,0.1,0.1,0.1,0.1,0.1,0.3,0.6,1,0.8,1.3,3.3,3.5,6.3,11.4
BRAZIL,0.1,0.3,0.2,0.3,0.4,0.3,0.4,0.4,0.4,0.3,0.3,0.2,0.2,0.2,0.2,0.2,0.4,0.3,0.4,0.4,0.4,0.4,0.5,0.7,0.9,0.8,1,1.8,1.6,1.9,2.2
BULGARIA,0.1,0.1,0.2,0.2,0.4,0.6,2.4,2.4,2.1,2.5,4.4,3.6,3.4,2.9,5.2,6,7,4.7,7.4,6.5,9.9,10.8,12.8,12.5,18.2,16.1,23.4,39.9,42.7,45.2,54.8
CANADA,2.4,2.1,1.9,2.2,2.5,2.3,2.8,4.4,4.1,5.5,5.6,4.7,5.1,6.8,6.9,8.4,8.4,6.9,10.5,10.9,11.6,12.2,16.7,19.9,24.3,26.3,31.5,35.3,33.2,37.9,44
CHILE,0,0,0,0.1,0.1,0.1,0.3,0.3,0.4,0.4,0.3,0.2,0.2,0.2,0.4,0.4,0.6,0.6,0.9,0.5,0.6,0.6,0.6,0.6,1.1,1.2,1.1,5.8,3.4,5.8,9.1
CHINA,0,0.1,0.2,0.1,0.2,0.2,0.1,0.1,0.1,0,0,0,0,0,0.1,0.1,0.1,0.1,0.1,0.1,0.2,0.2,0.5,1.1,1,1.7,1.2,1.8,1.4,1.1,1.5
COLOMBIA,0,0,0,0,0,0,0,0.2,0,0.1,0,0,0.1,0,0.1,0.2,0.3,0.2,0.3,0.3,0.2,0.2,0.2,0.2,0.5,0.3,0.4,1.1,1.1,2,4.7
COSTA RICA,0,0,0,0,0,0,0,0.5,0,0,0,0,0,0,0.1,0.1,0.4,0.3,0.4,0.3,0.4,0.5,0.4,0.4,0.5,0.4,0.5,0.6,0.7,0.8,0.9
CROATIA,1.5,1.9,0.9,0.8,0.7,0.7,0.8,0.7,0.5,0.6,0.6,0.6,0.8,0.7,0.8,0.9,0.8,0.8,0.9,0.8,1.1,1.1,1.3,1.4,1.6,1.7,1.9,2.8,2.4,2.4,3.8
CYPRUS,0.1,0,0,0.1,0.1,0.1,0.1,0.1,0.1,0.1,0.1,0.1,0.1,0.2,0.2,0.2,0.3,0.3,0.6,0.5,0.6,0.6,1,2.1,2.3,1.6,1.8,2.8,2.9,2.5,3
CZECH REPUBLIC,3.4,5.6,4.1,4.2,3.7,5.4,6.1,6.4,5.3,7.5,5.8,5,5.2,6.1,8.3,10,9.9,9.2,10.3,12.4,12.9,15,21.9,27.1,35.5,37.3,33.8,42.2,39.8,41.3,47.4
DENMARK,2.1,2.2,2,2.2,3.5,3.4,6.5,4.2,4.5,6.4,5.9,5.6,5.3,6.3,7.5,9.9,10.6,9.4,15.2,13,17.4,14.9,19.3,22.1,30.3,32.5,35,40.6,38.4,44.1,49.2
DOMINICAN REPUBLIC,0,0,0,0,0,0,0,0.2,0,0,0,0,0,0,0,0,0,0,0,0,0,0.1,0.1,0.1,0.1,0.1,0.2,0.2,0.2,0.3,0.6
ECUADOR,0,0,0,0,0,0,0,0.2,0,0,0,0,0,0,0,0,0.1,0,0.3,0.3,0.8,0.9,0.6,0.9,1.6,1.2,1.4,2.8,2.4,2.4,3.3
EGYPT,0.1,0.1,0.1,0,0,0,0,0.1,0,0,0,0,0,0,0.1,0.1,0.1,0.1,0.1,0.1,0,0,0,0,0.1,0.1,0.1,0.1,0.1,0.1,0.1
EL SALVADOR,0,0,0,0,0,0,0,0.2,0,0,0,0,0.1,0.1,0,0.1,0.1,0,0.1,0.1,0.1,0,1.3,1.1,0.1,0.1,0.1,0.2,0.3,0.5,0.3
ESTONIA,1.8,1.8,1.3,1.8,2.4,2.2,3.2,2.8,2.6,2.9,2.2,2.4,2.1,2.5,2.8,4.5,5.3,5.1,6.9,5.9,6.8,7.3,8.9,10.9,10.4,11,13.9,20,22.8,22.1,26.7
FINLAND,2.7,2.8,2.7,2.7,3.4,3.6,4.5,3.9,4.3,4.8,5.6,5.1,5.8,7.2,7.2,9.4,9.2,12,16.3,13.7,15.8,17.9,22.2,22.9,25.2,29.2,33.8,35.5,36.5,39.6,46.5
FRANCE,1.3,1.3,1.1,1,1.2,1.4,2.1,2,2,2.1,1.9,2,1.7,1.9,1.9,2.5,2.3,2.7,4.5,3.8,4.1,4.3,5,6.9,12,12.1,12.3,14.9,13.9,15.2,18.1
GEORGIA,0,0,0,0.1,0.1,0.1,0.2,0.1,0,0.1,0,0,0,0,0.1,0.2,0.2,0.1,0.1,0.3,0.6,0.7,1.1,1.6,3.1,2.6,2.7,11,8.3,5.7,9.6
GERMANY,1.6,1.7,1.6,1.5,1.8,2,3,2.1,1.8,2.4,2.4,2.8,2.7,3.3,4.1,5.4,5.8,5.9,8.1,8.1,8.1,8.5,12.8,15,17.1,18,20.5,25,22.6,23.9,31.3
GREECE,0.9,0.2,0.3,1.2,1.2,1.2,1.3,1.2,1.1,1.3,1.1,1.2,1.2,1.3,1.3,1.6,1.3,1.4,1.6,1.7,1.8,1.8,3.6,3.8,2.9,3.6,4.2,5.7,4.1,5.5,7.3
GUATEMALA,0,0,0,0,0,0,0,0.2,0,0,0.1,0.1,0,0.1,0.1,0.1,0.1,0.1,0.1,0.1,0.1,0.1,0.3,0.1,0.2,0.2,0.3,0.5,0.3,0.5,0.6
HONG KONG,14.7,13.1,10.7,14.5,15.1,15.5,17.9,15.6,18.9,21.8,21.6,20.3,23.1,24,24.2,27.7,29.7,24.7,26.6,24.8,25.7,26.7,32.8,32.2,38.7,37.5,42.8,51.9,55.4,60.1,59.9
HUNGARY,1.8,1.9,1.3,1.2,1.6,1.9,2.9,2.2,2.6,4.2,3.5,3.9,3,3.8,5,7.6,8.6,7.4,8.2,6.4,7,7.3,10.5,11.6,15.5,15.3,18.5,28.2,27.9,27.7,31.2
ICELAND,3.3,2.2,2.2,2.1,1.9,2.9,4.2,2.7,3.6,4.4,4.2,3.9,4.1,6.1,6.8,8.8,7.6,4.2,6,6.3,6.1,6.5,11.3,11.9,14.9,13.3,17.8,28.4,27.4,26.6,37.8
INDIA,0.2,0.2,0.2,0.1,0.2,0.2,0.3,0.3,0.2,0.2,0.2,0.1,0.2,0.1,0.1,0.1,0.1,0.1,0.1,0.1,0.1,0.2,0.4,0.3,0.4,0.5,0.7,1.2,1.1,1.1,1.8
INDONESIA,0.1,0.1,0.1,0.1,0.1,0.1,0.5,0.5,0.2,0.1,0.1,0.2,0.2,0.1,0.1,0.1,0.2,0.2,0.1,0.1,0.2,0.2,0.1,0.1,0.1,0.1,0.3,0.5,3.3,0.3,0.4
IRAN,0.4,0.2,0.1,0.2,0.3,0.3,0.4,0.2,0.1,0,0,0,0,0,0,0,0,0,0,0,0,0,0,0,0,0,0,0,0,0.1,0.1
IRELAND,4,4.6,5.1,2.6,3.7,5.2,5.7,2.9,4.4,3.2,3.7,3.4,3.6,4.3,5.5,6,7.2,7.1,7.4,5.8,7.8,7.7,12.2,15.7,24.6,25.5,25.8,33.3,35.1,32.8,38.7
ISRAEL,2,1.7,1,1.2,1.4,1.7,1.5,1.5,1.3,1.3,1.4,1.6,1.4,1.8,1.8,3.3,3.4,3.3,5.1,5.4,6.3,6.7,11.8,16.5,20.4,20.6,25.4,42.3,44.4,40.5,49
ITALY,1.2,1.1,0.9,0.9,1,1,1,1,0.7,0.9,0.8,0.8,1,0.9,1.5,2.1,1.7,1.8,1.9,1.7,1.5,1.6,2.8,3.3,3.3,4.6,4.3,6.6,5.3,5.7,7.3
JAPAN,17.8,18.3,22.1,22.2,19.3,19.3,24.9,20.4,26.1,23.4,25.5,26.6,30.2,28.9,26,30.1,30.2,30.8,37.3,36.6,37.9,39.5,41.2,43.8,51.3,48.9,54.4,54.2,54.5,56,55.9
JORDAN,0,0,0,0,0,0,0.2,0.1,0.1,0.1,0.1,0.1,0,0,0,0.1,0.1,0,0.1,0.1,0.1,0.1,0.1,0.1,0.1,0.1,0.3,0.7,0.4,0.6,0.6
KAZAKHSTAN,0,0,0,0.2,0,0,0,0,0,0,0,0,0,0,0,0,0.1,0,0.1,0.1,0.1,0.1,0.2,0.5,2.3,4,4.7,7.9,7.3,7.1,7.1
KENYA,0.1,0.1,0.1,0.1,0.1,0.1,0.1,0.1,0,0,0,0,0,0,0,0,0,0,0,0.5,0.5,0.5,0,0,0.2,0.5,0.5,0.7,0.4,0.2,0.3
KUWAIT,0,0,1.2,2,3.4,0.7,0.7,1.2,0.6,0.5,0.1,0.1,0.2,0.1,0.1,0.1,0.7,0.3,0.3,0.3,0.3,0.3,0.8,0.6,0.9,1.2,2.3,2.8,3,1.5,5.4
LATVIA,2.8,2.2,2.5,5.6,7.6,7.7,9.5,9.4,7.3,12.9,12.6,12.4,11.8,12,14.8,24,27,21.2,25.9,25.7,26.2,26.7,29.5,33.2,37.7,32.4,37.2,44,45.7,46.5,49.4
LEBANON,0,0.1,0,0.6,1.4,1.3,2.8,2.1,1.8,2.5,1.3,0.1,0,0,0,0,0,0,0,0,0.2,0.1,0.1,0.1,0.1,0.1,0.1,0.2,0.2,0.2,0.2
LITHUANIA,0.4,0.5,0.3,0.3,1,0.3,0.8,0.5,0.4,0.6,0.9,1.3,2.1,2.4,2.5,6.3,9.1,8.9,7.3,7.3,7.8,8.7,10.4,14.8,22.9,20.2,23.1,33.5,33.4,41.6,43.3
LUXEMBOURG,1.2,1.2,0.9,0.9,0.7,0.7,1.1,1.1,1,1.1,1.4,1.4,1.5,1.7,2.4,2.9,2.4,2.6,3.1,3.2,3.5,3.6,4.6,6.4,8.3,8.7,9.5,13.2,13.8,18.1,21.1
MACAO,0.2,0.3,0.3,0.3,0.3,0.3,0.3,0.3,0.4,0.7,0.4,0.3,0.4,0.8,2.2,2,2.9,1.5,2.7,3.2,2.9,3.2,4.2,5.1,9.2,14.2,17,20.7,24.5,29.1,22.2
MACEDONIA,0,0,0,0,0,0,0,0.3,0,0.1,0,0.1,0.1,0.1,0.1,0.2,0.2,0.1,0.2,0.2,0.3,0.3,0.5,0.7,1.3,1.3,1.8,4.1,3.8,4.4,5.9
MALAYSIA,0.2,0.2,0.1,0.1,0.2,0.3,0.3,0.4,0.3,0.6,0.2,0.2,1.1,1,0.3,0.4,0.5,0.4,0.6,1,0.7,0.8,1.3,2,2.1,1.7,2.6,5.5,3.9,3.7,3.8
MALTA,0.1,0.1,0.1,0.1,0.1,0,0,0.1,0,0.1,0.1,0.1,0.2,0.2,0.3,0.6,0.5,0.3,1.7,1.2,1.2,1.1,1.5,4.8,7.5,8.9,15.1,24.6,26.5,20.7,30.7
MAURITIUS,0.1,0,0,0,0,0.1,0,0.1,0.1,0.1,0.1,0,0,0,0,0,0,0,0,0,0,0.1,0.1,0.1,0.1,0.2,0.3,1.1,1.2,1.3,1.7
MEXICO,0,0,0,0,0,0,0,0.1,0,0.1,0.1,0.1,0.1,0.3,0.3,0.4,0.4,0.3,0.4,0.5,0.5,0.5,0.8,1,1.7,2,2.2,4,2.8,3.5,4.7
MOLDOVA REPUBLIC OF,0,0,0,0,0,1.7,0.5,1.2,1.2,4.3,6.7,7.1,4.3,4.4,3.8,11,11,5,4.8,4.7,7.8,7.4,18.1,21.1,20.5,20.9,25,32.8,32,27.8,32.6
MOROCCO,0.1,0,0,0,0,0,0,0.1,0,0,0,0,0,0,0,0,0,0,0,0,0,0,0,0.1,0.1,0.1,0,0.1,0.1,0,0.2
NEPAL,0.6,0.7,0.8,0.6,1.2,0.7,0.8,0.3,0.5,1.7,2.2,1.7,0.8,1.4,0.5,0.6,0.4,0.3,0.3,0.2,0.1,0.1,0.1,0.1,0.4,0.2,0.3,0.3,0.7,0.4,0.9
NETHERLANDS,3.6,3.2,3.1,3.4,3.7,4.5,7,5.5,6.6,8,9.1,11,9.4,12.4,15.8,18.9,19.7,19.7,22.2,16.7,19.1,19.1,28.8,30.6,45.8,45,43.7,52.2,53.1,55.7,61.4
NEW ZEALAND,0.5,0.4,0.4,0.5,0.9,0.9,1.3,1.1,1,1,0.9,1.2,1.1,1.4,1.7,2.1,2.8,1.4,2.3,2.3,2.3,2.4,3.3,3.9,6.3,6.7,7.4,13.5,13.6,14.9,20.6
NORWAY,4.7,4.8,3.9,4.6,5,5.3,6.3,4.7,5.2,6,6.3,4.6,5,5.9,6,8.1,8.4,7.8,11,10.4,14.6,16.6,19.2,18.3,25.5,25.7,30.3,34.5,35,35.4,45.6
PAKISTAN,0,0,0,0,0,0,0,0.4,0,0,0,0,0,0,0,0,0,0,0,0,0,0,0,0,0,0,0,0.1,0,0.1,0
PALESTINE,0.1,1,1,6.6,2.8,0.1,0.2,0.1,0,0,0,0,0,0,0,0.1,0.1,0.2,0,0,0,0.1,0,0.2,0.2,0.1,0.3,0.2,0.6,0.4,0.4
PANAMA,0,0,0,0,0,0,0.1,0.2,0.1,0.3,0.2,0.1,0.2,0.1,0.2,0.2,0.4,0.2,0.4,0.2,0.3,0.3,0.3,0.3,0.5,0.5,0.5,0.9,0.8,0.9,1.1
PARAGUAY,0,0,0,0,0,0,0,0.2,0,0,0,0,0,0,0,0,0,0,0,0,0,0,0,0,0,0,0,0,0,0.1,0.1
PERU,0,0,0,0,0,0,0,0.2,0,0,0.1,0.1,0.1,0.1,0.1,0.1,0.1,0,0.1,0.1,0.1,0.1,0,0,0.1,0.2,0.3,0.7,0.8,1.3,2.5
PHILIPPINES,0.1,0.1,0.1,0.1,0.1,0.1,0.1,0.1,0.1,0.1,0.1,0.1,0.1,0.1,0.1,0.1,0.1,0.1,0.1,0.1,0.2,0.1,0.2,0.1,0.1,0.2,0.3,0.7,0.7,0.6,0.6
POLAND,1.2,0.8,0.7,1.2,1.1,1.3,1.4,1.2,1.2,1.5,1.6,2,2.1,2.2,2.8,4.3,4.3,3.4,5.6,5.4,6.6,6.9,12.4,14.3,18.5,19.1,18,22.3,25,26.1,32.2
PORTUGAL,0.2,0.2,0.3,0.3,0.4,0.6,1.2,1,0.9,1.5,2,2.5,2.2,5.1,4.2,6,5.7,5.2,6.8,4.4,4.8,5.1,5,6.9,9.9,10.5,11.9,22.8,25.1,24.9,31
PUERTO RICO,0,0,0,0.5,0.4,1.5,0.1,0.5,0,0,1.3,0.9,1.3,1.2,0.7,1.5,1.2,1.3,2,2.1,1.8,1.4,1.6,4.7,5.7,5.5,9.6,15.2,15.1,20.7,21.6
QATAR,0,0,0.2,0.4,0.3,0.2,0.2,0.3,0.1,0.2,0.2,0.2,0.2,0.1,0.2,0.3,1.3,0.2,0.2,0.3,0.4,0.4,0.8,1.7,1.8,0.9,2,2.9,5.1,19.6,21.3
ROMANIA,4.2,4.8,2.4,2.5,7,8.1,12,12.6,13,21.9,14.1,18.3,18.4,18,14.4,13.1,12.6,12.6,13.1,12.7,11.3,15.8,19,16.7,20,15.3,30.8,50.3,49.5,54.7,59.3
RUSSIA,0.5,0.4,0.4,0.6,1.5,1.1,1.5,1.5,1,1.2,1.1,1.5,1.3,2.1,2.3,4.7,6.2,3.9,6.5,6.8,7.7,7.1,12.2,18.6,23.7,20.5,27.2,31.6,30.4,29,32.7
SAUDI ARABIA,0,0,0,0,0.3,0.6,0.3,0.2,0.4,0.5,0.3,0.1,0.1,0.4,0.1,0.1,0.1,0,0.1,0.1,0,0,0.1,0.1,0.1,0.1,0.1,0.4,0.3,0.2,0.5
SERBIA,0.4,0.4,0.2,0.2,0.3,0.3,0.4,0.3,0.3,0.3,0.2,0.1,0.2,0.3,0.3,0.3,0.4,0.3,0.5,0.6,0.8,0.9,1.5,1.7,2.4,2.3,3.2,6.7,6.7,9.9,11
SINGAPORE,1.8,3.3,3.4,4.4,2.8,1.2,3.6,3.3,1.8,2.3,1.3,2,2.1,2.4,3.1,4.5,5.2,4.8,7.6,6.9,6.7,7.9,13.5,13.4,20.2,19.4,21.2,33.3,43,40.3,46.6
SLOVAKIA,4.3,7.4,5.8,5.7,5.6,6.7,6.8,5.9,6.7,6.4,5.2,4,4.1,5,6.4,8.3,8.9,8.9,10,8.4,8.4,8.6,9.2,10.1,12.1,12.6,14.6,19.4,21.3,20.2,24
SLOVENIA,2.9,3.1,2,2.1,2.3,2.4,2.9,2.6,2.5,3.3,3.5,2.8,2.8,3.3,3.1,4.7,4.6,4.6,5.1,4.8,5.7,6.6,8.2,9.3,10.5,10.9,12.2,17.1,17.8,20.4,22.8
SOUTH AFRICA,0.3,0.2,0.2,0.1,1.1,1.2,0.7,0.3,0.1,0.2,0.2,0.1,0.2,0.2,0.2,0.3,0.3,0.3,0.7,1,2,1.6,1.6,1.6,1.1,1.3,1.4,2.5,3.4,2.6,3
SOUTH KOREA,34.2,38.1,30.6,40.5,33.2,42.1,29.8,33.6,44.9,38.7,36.8,48.1,42.2,18.7,26.6,32.6,55.6,56.5,52.5,48.6,52.4,49.4,31.2,45.7,69.7,71.1,76.9,78.4,81.2,78.8,76.9
SPAIN,0.5,1.2,0.9,1.1,0.8,0.9,0.8,1.1,0.9,1.2,0.9,1,0.9,1,1.5,1.9,2.3,2.3,4.1,4.4,4.9,5.4,5.5,8.3,14,12.7,15.8,20.3,19.3,22.5,27.1
SRI LANKA,0,0,0,0,0,0,0,0.1,0,0.6,0.5,0.4,0.5,0.2,0.1,0.1,0.1,0.1,0.1,0.1,0.1,0.1,0.1,0.2,0.3,0.3,0.3,0.6,0.5,1.9,1.5
SWEDEN,7.7,7.6,6.9,7.5,9.6,11.1,15.3,11.9,11.2,13.9,13.6,10.4,9,9.7,9.4,10.1,10,11,14.1,11.6,16.1,18.7,25.2,24,30.6,32.3,33.7,40.2,43.6,46.6,52.2
SWITZERLAND,2.8,3.1,3,3.3,3.4,3.7,5.4,3.6,3.6,4.3,4.9,4.7,5.6,6.5,8.5,13.6,14.5,14.4,18.7,21.5,22.4,22.8,30.3,36.7,39.2,42,45.1,56.2,54.4,56.3,58.5
SYRIA,0.1,0.1,0.1,0.1,0.1,0.1,0.4,0.2,0,5.2,3.6,0.5,0,0,0,0,0,0,0.1,0.1,0.1,0,0.1,0,0,0,0.1,0.1,0.3,0.3,0.4
TAIWAN,4.8,5.2,4,2.6,5.4,5.9,6.4,5.1,6.2,4.8,5.3,3.9,5.5,4.4,2.9,2.6,2.6,1.6,2.5,2.7,3.9,3.2,4.1,8.4,21.3,23.4,26,25.9,24.4,37.1,35.3
THAILAND,0.4,0.3,0.2,0.3,0.9,1.2,1.9,3,3.4,2.4,2.5,2,1,1.2,0.8,1,1.1,0.8,0.9,0.9,0.5,1,1.5,2.1,2.4,3,4.1,8.2,9.6,12.9,13.9
TRINIDAD AND TOBAGO,0,0,0,0,0,0,0,0.3,0,0,0,0,0.1,0.1,0.1,0.3,0.2,0.3,0.8,0.6,0.4,0.6,0.6,0.7,1,3.4,3.3,6.1,7,7.7,9.2
TUNISIA,0.1,0.4,0.1,0.1,0.1,0.2,0.3,0.3,0.2,0.2,0.2,0.1,0.2,0.1,0,0.1,0.1,0,0,0,0,0,0,0.1,0.1,0.1,0.2,0.4,0.5,0.4,0.2
TURKEY,0,0.1,0.3,0.4,0.5,0.3,0.3,0.3,0.3,0.3,0.3,0.4,0.5,0.3,0.6,0.5,0.5,0.3,0.3,0.4,0.4,0.5,0.9,1.2,1.8,1.7,3.2,5.1,6.1,9,8.9
U.S. - ALABAMA,3.2,2.7,2.7,2.3,2.9,3,4.4,4.2,2.8,3.4,2.7,2.8,4.1,4.4,3.9,5.8,5.8,4.7,8.7,9.4,10.5,10.1,13.9,16.9,26.4,26.6,32.5,36.7,38.4,39.5,43.2
U.S. - ALASKA,0.6,0.4,0.2,0.2,0.1,0.1,0.3,0.3,0.5,0.6,1.2,1.8,2,2,2.7,3.4,5.4,4.6,7.4,8.9,7.9,6.7,10,11.8,18.3,17.7,21.5,24,22.9,25.5,30.4
U.S. - ARIZONA,2.3,1.7,1.4,1.7,1.8,1.5,3,1.8,2,2.6,3.2,2.2,3.3,3.5,3.2,4.3,4.7,4.3,6.6,7.9,11.1,11.6,13.6,15.2,30.5,28.6,29.1,32.3,34,35,39.4
U.S. - ARKANSAS,1,0.8,1.2,1.1,1.2,1,1.3,1.2,1,1.1,1.2,1.5,1.5,1.5,1.6,1.8,2,1.8,2.7,3,3.3,3.4,4.2,4.1,13.3,14.9,17.9,19.5,20.4,22.2,26.7
U.S. - CALIFORNIA,4.8,4.8,5,5.3,5.7,5.3,7,5.8,6.3,6.7,7.1,6.1,7.6,8.7,9.5,10.1,11.6,11,12.9,14.7,16.7,18.2,23.9,22.3,33.5,32.9,35.1,38.6,39.6,42.4,48.8
U.S. - COLORADO,2.3,2.3,2.4,2.6,2.6,3.8,3.4,3.2,3.2,3.2,3.8,3.3,4.4,4.6,4.3,5.3,5.3,5.9,9.9,14.3,13.8,14.9,20.1,18.9,30.5,29.2,33,34.5,36.2,36.6,41.2
U.S. - CONNECTICUT,6.5,5.8,7.3,9,11.2,8.2,9.1,7.7,7.9,7.4,7.5,6.4,7.7,7.4,7.5,7.8,13.1,13.4,21.5,23.5,26.3,26.9,33,32.3,41.9,43.2,46.7,54.2,64.2,52.2,58.5
U.S. - DELAWARE,8.6,12.3,11.6,14.7,14.2,13.5,13.8,8.9,11.9,14,14.8,11.9,11.7,11.9,12.7,15.3,18.2,16.3,32.6,38.8,32.3,31.7,37.3,35.7,49.8,47.8,48.4,64.6,69.2,68.3,73.7
U.S. - DISTRICT OF COLUMBIA,6.9,6.6,6.8,7.2,7.9,6.7,9.5,8.8,8.6,9.6,7.5,5.3,6,7.9,8.2,9.5,7.9,9.6,14.9,16.6,17.2,18.2,39.4,39.5,37.2,34.9,36.1,39.1,40.8,43.3,51.5
U.S. - FLORIDA,1.8,1.6,1.6,1.5,2.3,2.1,2.4,2.7,2.4,2.7,2.8,2.8,3.8,4.4,4.4,4.7,6.7,6.2,11.2,12.7,13.5,14.9,18.3,21.8,35.5,36,38.2,40.9,41.6,47.8,52.7
U.S. - GEORGIA,1.8,1.9,2.1,2.7,3.2,2.6,3,2.4,2.2,2.5,2.1,2.2,2.8,3,3.1,3.6,4,3.4,6.1,6.3,9.1,8.4,16.6,15.5,24.7,27.7,33.6,37.6,38.3,35.2,40.7
U.S. - HAWAII,1.3,0.3,0.5,0.9,2.2,1.9,2.5,2.8,3.6,4.2,4.6,3.8,5,4.4,4,4.9,4.6,3.9,5.2,6.1,6.4,7.2,8.2,7,13.9,15.7,19.2,23.2,22.1,24.3,26.1
U.S. - IDAHO,4.5,3.7,3.4,4.1,4.9,3.8,5,3.8,4.2,2.9,4.7,4.2,6.4,5.6,5.6,6.1,5.2,4.8,5.8,5.9,7.5,6.8,6.4,6.6,14.1,14.9,17.7,20.6,21.6,23,24.4
U.S. - ILLINOIS,3.7,2.6,2.4,2.4,2.9,2.2,2.5,2.4,2.3,2.7,2.4,2.6,3.3,3.3,3.6,4.5,5.1,5,8.4,9.2,11.7,13.1,20.7,21.1,31.1,28.9,31.2,33.3,32.8,36.7,43.4
U.S. - INDIANA,7.3,5.7,4.9,4.6,5,5.2,6.3,6,6.5,7.9,7.6,6.8,8.3,8.1,8.9,10.1,13.1,12.3,18.7,18.9,20,20.4,22,20.3,29.8,32.3,36.2,37.6,38.5,40.5,47.6
U.S. - IOWA,5.5,5.2,5.3,5.1,5.8,5.2,5.8,5.2,5.4,5.1,5.7,4.2,5.3,5.2,5.4,5.5,6,5.3,8.6,9.2,9.9,10.2,11.1,10.3,20.1,21.1,22.4,23.9,23,25.7,31.2
U.S. - KANSAS,0.6,0.4,0.3,0.9,1.3,1.1,2.1,1.2,1.5,1.8,1.4,1.5,1.4,0.8,0.9,1.1,1.6,2.7,6.8,4.3,9,9.4,7.4,5.5,17.2,23.8,27.6,29.5,30.7,31,40.6
U.S. - KENTUCKY,2.5,2.2,1.9,3.5,3.8,2.9,4.9,4.5,4.3,3.4,2.9,3.9,4,4.7,4.3,5,4,3.2,6,5.9,5.3,7,10.2,11.1,18.8,16.6,21.3,25.4,23.8,26.4,32.1
U.S. - LOUISIANA,2.6,1.5,1,1.2,1.8,1.9,3.2,2.1,2.2,3.1,3.4,3.3,3.4,3.4,3.3,3.9,4.2,4.1,5.8,6,7.3,7.7,9.4,11.1,23.6,24.1,22.9,25.7,27.3,29.9,38.2
U.S. - MAINE,2,2.5,2.6,2.7,3.6,3.4,5,4.2,4.3,4.5,5.2,5.1,6.3,6.5,6.6,6.1,6.7,8.1,11.5,11.5,12.2,12.5,13.8,12.7,26.1,20.8,25.5,27.3,26.6,31.2,38.9
U.S. - MARYLAND,4.3,4.8,4.7,6.2,6.6,4.8,5.7,5.6,4.5,5.9,5.4,3.9,4.3,4.3,4.8,7.3,7.1,8,15,17.7,21.8,21,23.8,22.6,35.6,43.3,42.2,44.4,44.3,47.3,53.9
U.S. - MASSACHUSETTS,5.6,5.5,6,7.3,9.7,7.4,8.6,8.3,7.9,8.3,9.2,6.9,7.9,8.5,8.2,8,12.8,13.2,18.5,22,24.1,25.2,42,41.9,52.8,53.4,54.1,54.7,56.5,58.5,64.9
U.S. - MICHIGAN,4.1,2.9,3,3.3,4.4,3.3,3.8,3.8,4.1,4.2,4.9,4.3,6,5.8,6.3,6.8,7.1,7.6,11.8,12.7,15.3,18.1,22.5,25.1,39.1,40.4,45.2,46.2,47.4,49.3,55.7
U.S. - MINNESOTA,4.4,3.7,3.3,3.8,4.5,3.9,4.9,4.6,5,4.9,5.7,5.4,8,7.1,6.7,7.2,8,8.2,10.6,12.1,15.6,17.8,18,20,31.9,32.6,35.3,35.1,36.1,37.9,44.3
U.S. - MISSISSIPPI,2.2,1.8,0.8,0.8,2.2,0.9,2.8,4.6,4.1,4.5,4.4,3.6,4.3,4.1,4.7,5.3,4.9,4.9,6.7,8,8.7,8.8,9.8,11,18.3,18.6,21.7,25.7,26.1,26.6,33.5
U.S. - MISSOURI,1.8,1.2,1,1.4,2.2,1.4,2.1,2.2,1.6,2,2.3,2.1,2.1,2,2.2,2.6,2.9,2.9,4.1,4.9,10.7,11.5,12.7,13.6,23.3,20.6,24.3,29.3,28.6,29.4,37.3
U.S. - MONTANA,3.7,2.1,1,2.6,3,2.5,3.2,2.9,2.5,2.4,4,3.3,3.5,3.8,4.1,3.9,4.9,4.2,8.8,10.6,12,11.6,13.8,14.1,19.3,17.1,21.1,28.6,30.6,32.7,38.5
U.S. - NEBRASKA,1.4,1.3,1.2,2.7,3.3,2.9,4.2,2.5,2.9,3.1,3.9,3.2,3.7,4.4,4.6,5.3,5.1,4.5,5.8,6.1,9.6,10.4,10.2,14,22.6,25,29,30.3,32.2,34.5,41.6
U.S. - NEVADA,6.3,5.6,4.3,4.7,5.1,7,13.4,7.9,7.9,11.1,9.5,9.6,9.4,11.3,10.6,12,12.3,12,15.8,17.6,18,18.9,20.2,21.4,31.2,30.1,34.6,37.9,40.8,42,51.2
U.S. - NEW HAMPSHIRE,5.2,4.6,5.9,7.6,11.8,7,9.9,9.1,7.3,5.1,6.9,7.7,8.1,6.3,6.2,8.4,18.5,20,29.4,33.4,35.5,34.1,46.5,39.8,47.9,49.4,52,52.7,50.3,54.4,60.8
U.S. - NEW JERSEY,5,4.1,3.8,4.9,5.3,4,5.9,4.5,3.2,4.4,3.4,2.4,2.4,3.3,4,5.4,6.6,7.7,15.7,20.5,23.4,23.1,34.3,33.5,47.6,49.2,47.7,52.7,55.5,52.5,58.3
U.S. - NEW MEXICO,3,2.2,1.6,1.7,1.9,3.5,3.4,3.2,2.8,3.4,4.1,3.6,4.9,5,4.7,5.6,5.6,5.3,7.8,11.8,12.4,12.3,11.7,11.1,20.1,19,21.7,22.8,22.3,23.3,28.5
U.S. - NEW YORK,5.9,4.7,4.6,5.2,7.5,6.5,9.1,8.2,7.1,7.6,6.9,5.4,6.7,7.4,8.3,9.2,10,10,16.3,18.4,21.3,24.1,32.8,32,45.1,43.5,43.7,47,46.9,49.8,55.9
U.S. - NORTH CAROLINA,6.7,6,5.9,5.6,6.4,5.9,7.1,6.4,7.1,7.8,7.8,5.9,7.1,8.4,9,9.9,11.7,8.7,12.7,14.3,16.1,17.2,24.2,24.7,30.1,29.2,31.6,35.9,36.5,38,43.8
U.S. - NORTH DAKOTA,11.6,9.6,9,7.5,10.2,9.2,10,6.8,9.5,9.5,8.6,7,8.9,10,10.2,10,11.3,9.3,14.2,16.4,17,16,22.9,19.8,36.4,33.8,41.5,42.8,43.5,51.5,56.3
U.S. - OHIO,2.4,2.5,2.3,2.4,3.4,3,3.5,3.2,3.3,3.4,3.3,2.9,3.4,3.6,4.2,4.5,5.5,5.3,8.6,9.3,11.2,11,22.3,23.2,22.1,24.5,34.6,39.8,38.2,17.3,14.4
U.S. - OKLAHOMA,6.5,7.3,6.2,6.1,7.1,7.9,11.8,7.4,7.1,7.5,7.4,6.9,6.9,7.3,7.9,10.3,10.9,7.6,11.1,11.5,12.1,12.6,13.7,13.9,23.2,26,29.7,32.4,34.1,33.2,41
U.S. - OREGON,2.2,2.1,2.6,3.7,3.8,4.2,6.6,5.5,4.8,4.5,5.8,5.1,7.3,6.9,6.3,6.9,9,9.8,14.7,17.3,18.4,19.6,28.3,28.1,37.2,37.4,41,44.3,45.2,48.2,49.9
U.S. - PENNSYLVANIA,4.1,4,4.2,5,4.9,4.4,5.8,5.9,5.6,6.7,6.2,5.2,5.6,5.7,6.3,7.7,8.7,9.7,17.2,20.8,21.4,22,31.7,32.5,43,42.2,44.2,45.7,46.2,48.9,54.6
U.S. - RHODE ISLAND,5.1,4.3,5.3,5.3,6.2,5,5.8,5.5,6.6,6.8,7.6,8.3,9.1,10.9,10.3,20.7,21.2,15.8,24.3,28.7,30.7,31.9,34.1,36.7,52.8,52.4,55,55.4,57.6,60.8,70.5
U.S. - SOUTH CAROLINA,3,2.9,2.6,2.6,3.1,2.9,3.6,3.1,3.4,4.5,4.9,4.3,6.4,7.5,6.7,8,8.9,7.6,12.2,12.8,14.4,15,21.1,21.4,29.6,29.4,33.1,36.6,38.1,37.7,43.2
U.S. - SOUTH DAKOTA,1,0.8,0.6,0.6,0.8,0.5,1,2.6,2.9,5.7,5.6,5.2,5.7,5.1,6.1,4.9,8,8,18,19.2,23,18.8,26.9,26.4,34.9,34.2,39.5,41.3,41.9,46.3,51.1
U.S. - TENNESSEE,2.6,2.5,2.4,3,3.6,2.8,3.3,2.5,1.5,2.2,2.2,2.1,3.4,4.4,4.4,5.3,5.7,5.8,12.5,12.6,14.4,14.6,19.7,22.5,33.9,33.4,35.8,39.4,41.2,42.5,47.1
U.S. - TEXAS,1.9,1.7,1.6,2,2.7,2.3,2.6,2.4,2.6,3,3.6,3.4,4.2,4.8,4.7,4.8,5.7,4.8,6.3,7,9.4,10.3,15.6,18.5,28.7,27.4,30.4,33.1,34.5,35.3,43.2
U.S. - UTAH,5.9,9.3,11.2,10.3,10,11.5,12.4,7.5,10.3,9.1,11.3,9,12.4,13.1,14,11.9,15.1,15.8,18.8,18.1,22.7,24.6,28,24.8,33.8,32.5,37.4,39,42.8,43.4,49
U.S. - VERMONT,5.2,5.4,5.5,8.6,11.7,6.8,10.1,9.4,9.2,8,10.7,9.6,11.6,11.3,8.2,10.6,17.7,17.9,26.8,31.3,34.5,31.8,42.1,26.5,32.1,34.7,37.3,37.7,38.8,40.2,45.5
U.S. - VIRGINIA,4.7,4.5,4.1,4.3,5.6,4.8,5.7,5.2,5.2,6.5,6.3,6.9,8,9.6,10.1,13.8,13,13.6,19.7,22.3,22.2,22.7,29.8,30.6,43.9,45.1,44.4,32.8,29.2,52.2,56.8
U.S. - WASHINGTON,2.6,2.3,2.3,4.2,4.1,4.3,5.5,5,3.8,4.6,5.8,5.7,6.5,6.3,5.3,7.2,8.1,8,12.9,14.8,14,14.5,32.4,31,40.3,40.8,44.8,46.9,49.7,33.6,38.8
U.S. - WEST VIRGINIA,7.1,5.5,5.8,5,5.9,4.6,5.9,4.5,6,5.8,5.6,5.1,5.2,4.5,5.2,6.5,8.4,7.7,10.9,11.8,13.2,13.3,16.7,16.2,21.5,20.6,23.4,27.5,28.6,29.1,38
U.S. - WISCONSIN,4.9,4.7,4.5,4.1,4.8,4.6,5.5,4.6,6.6,6.7,7.4,6.4,8,8.2,9,8.9,9.9,8.9,12.7,12.6,16.7,16.8,19.6,19.4,33.8,33.9,38.4,42.8,43.4,46,53.3
U.S. - WYOMING,2.3,1.6,1.7,2.9,1.5,1.7,2.8,3.1,2.5,2.3,2.8,3.3,4.2,2.9,3,3.6,6.9,3.8,6.4,6.1,11.2,8.2,15.4,16.6,21.5,19.4,23.4,31.6,31.7,32.7,40.2
UKRAINE,0.1,0.1,0,0.1,0.1,0.3,0.2,0.4,0.4,0.7,0.8,1,1.2,1.4,3.6,5.8,7.9,4.8,6.3,7,7,8.5,15,20.9,25.4,22.6,26.2,32.9,31.8,32.2,36.7
UNITED ARAB EMIRATES,0,0,1.5,0.1,1.4,1,2.4,5.4,2.7,2.2,0.7,1,3.3,11.2,7.9,3.4,13.9,6.3,5.9,7.6,9.7,9.5,12,5.9,5.4,3.5,3.1,3.7,3.5,9.2,9.2
UNITED KINGDOM,1.8,2.2,1.9,1.8,1.8,2.2,2.5,2,2,2.2,2.2,2.2,2.3,2.8,3.4,4,4.2,4.6,5.6,6.3,8.8,9.3,18.7,22.7,27.2,30.3,32.1,35.8,35.7,37.8,41
UNITED STATES,3.8,3.4,3.4,3.9,4.6,4,5.1,4.4,4.3,4.8,4.9,4.2,5.2,5.6,5.8,6.6,7.7,7.5,11.5,13,15.1,15.9,22.2,22.5,32.3,32.6,36,38.7,39.3,39.2,44
URUGUAY,0,0,0,0,0,0,0,0.5,0,0,0,0,0,0,0,0,0,0,0,0,0,0,0,0.1,0.2,2.1,4.5,10.4,7.2,9.9,17.4
VENEZUELA,0,0,0,0,0,0,0,0.2,0,0,0,0,0,0,0,0,0,0,0,0,0,0,0.1,0.1,0.1,0.1,0.1,0.2,0.2,0.2,0.2
VIETNAM,0,0,0,0,0.1,0.1,0.1,0.3,0.1,0,0.4,0.2,0.2,0.2,0.1,0.1,0.1,0.1,0.1,0.1,0,0,0.1,0.1,0.1,0.1,0.1,0.6,0.3,0.4,0.4

