Country,Q3 07,Q4 07,Q1 08,Q2 08,Q3 08,Q4 08,Q1 09,Q2 09,Q3 09,Q4 09,Q1 10,Q2 10,Q3 10,Q4 10,Q1 11,Q2 11,Q3 11,Q4 11,Q1 12,Q2 12,Q3 12,Q4 12,Q1 13,Q2 13,Q3 13,Q4 13,Q1 14,Q2 14,Q3 14,Q4 14,Q1 15
ALGERIA,44312,89273,89674,110350,108637,116116,122970,337131,495476,588449,522026,516349,532479,587774,631790,657035,649725,674109,722590,739663,746477,859166,828271,883709,832338,1093514,1116247,1268725,1708586,1560154,1533297
ARGENTINA,1688628,1880714,2011418,2362464,2684183,2642342,2755327,3173242,3550605,3465820,3638876,3946244,4327448,4566018,4766433,5083196,5543077,6012995,6217745,6720553,7198694,7291771,8120175,8499559,7397954,7311643,7372074,7499200,7557395,7500411,7523208
ARMENIA,4787,4999,5748,6131,6356,15496,22687,24176,25904,32676,75593,87657,112467,144744,174328,184590,258825,255631,276801,294625,301739,297683,344224,346012,339787,356455,372482,372355,372560,288245,270727
AUSTRALIA,5227461,5693006,5998949,6284706,7003725,7008200,7177539,7246349,7662780,7805078,8397899,8839645,9385099,11441732,11749807,11996558,12569540,12262404,13859005,8538932,8803575,9229638,8704775,8786066,9096235,8726302,9062511,8926525,9077961,9016245,9249481
AUSTRIA,1375112,1548835,1609604,1643781,1659942,1777916,1828769,1795768,1800309,1956023,2209391,2275470,2322944,2672895,2793262,2925418,2905105,2958862,3091940,2575797,2427889,2507304,2532204,2634232,2617990,2722255,2861982,2891077,2953649,2993977,3163439
AZERBAIJAN,16240,20260,23507,27172,27814,31064,37585,43079,48961,53064,71490,76973,82988,107702,127678,142032,168682,194882,226102,273413,264719,267514,321207,324679,340308,359316,368125,366734,373408,399085,306043
BAHRAIN,41875,47808,53479,57368,62430,66043,73531,72580,83529,86929,91872,94743,94114,113803,119172,137634,131362,149788,149697,168724,163572,190138,122365,111886,125444,141656,129371,126550,119784,116730,108888
BELARUS,56550,68711,82016,91228,105154,130959,157205,158523,188549,232695,305472,368778,447459,691273,743586,781767,847858,1046943,1234711,1201174,1252599,1344863,1452804,1403848,1420359,1297518,1311954,1280166,1124262,1268079,1124026
BELGIUM,1986541,2219476,2403176,2449703,2420501,2771802,2892298,2993875,3031717,2984219,3165579,3521381,3510858,3642805,3926554,3960735,3896064,4211996,4320174,4295061,4462564,4561434,4777676,4701620,4668675,4764823,4914322,4863876,4873416,4999410,5092116
BOLIVIA,59095,63574,65771,77962,80099,89940,99279,100124,109139,107959,114235,115890,122523,129260,131396,136382,142427,160417,164721,172032,188296,191028,261426,295300,344801,376188,416484,416788,413893,561393,575653
BOSNIA AND HERZEGOVINA,59058,66799,75507,101576,108643,130266,171853,176960,192330,238591,246407,267636,304051,302518,330610,368134,369549,392600,405939,430161,447557,456672,478255,489728,490791,503598,515054,504215,501289,458714,481692
BRAZIL,5857696,6550335,6903750,7950821,8779910,9112304,9266820,10071486,10806452,10720359,11381216,12003684,13055592,13536292,14140746,15405592,16226649,17664720,19202853,21546894,22554472,23503804,27541157,30921154,34298144,37012238,41298964,44085558,45469490,47254335,48167070
BULGARIA,538107,662169,754895,806002,827582,941367,1002042,960271,1030889,1091995,1116083,1112749,1162390,1208797,1253440,1250355,1240695,1350558,1370840,1368535,1368982,1401234,1492244,1486587,1529397,1520511,1558619,1548872,1570954,1590624,1632115
CANADA,8092964,9773475,10232441,10420554,10553487,10897988,11288136,10788524,11237234,11360537,11753529,11663256,12214172,12514535,12583905,12560296,12898070,13295494,13544437,13589452,13608622,13969842,13687200,13631909,13994116,13948440,14156635,14061268,14266931,14512083,14604346
CHILE,1174118,1240737,1302738,1384436,1421701,1539481,1529548,1707703,1715141,1836879,1988462,2017429,2282621,2329729,2476270,2862320,2846740,2955842,3245647,3447822,3092853,3694319,3985230,4123230,4264760,4449946,4403839,4359948,4486567,3999555,4003252
CHINA,28818357,31560155,34112013,36442607,37986645,41100623,44626099,46214677,49056784,50945222,57778232,60101982,64332839,67262486,73590343,76450526,81678632,85135410,92385739,93604214,98959738,101661860,111705007,113908551,115336684,120626188,123526069,123192094,122119656,125400588,127097179
COLOMBIA,880124,1046058,1174305,1326454,1552675,1641568,1896108,1872282,2048499,2156245,2297685,2405331,2536903,2585946,2935204,3167595,3404341,3686312,4193378,4406209,5011502,5116172,6092073,7070696,7666915,8589318,9986212,10969850,11243138,11235012,11745257
COSTA RICA,107033,118660,127870,137782,149840,165267,205656,228265,258603,264088,288042,289823,312509,312532,319126,338200,357840,353439,377607,386194,389897,389987,429035,446098,437121,437146,466586,454346,465448,471372,488514
CROATIA,298778,368195,434886,482299,563237,662470,705488,716939,771550,833730,928197,944833,981645,1146674,1149643,1149894,1203119,1230491,1319946,1382198,1238138,1252064,1322242,1422507,1374618,1375198,1434732,1554568,1493989,1526803,1552028
CYPRUS,93569,111701,125656,132658,144080,152998,160042,163391,173599,180392,188733,212572,222532,234975,224104,225496,234706,259127,257959,275187,268011,270383,305397,266466,273282,343773,337668,341293,342348,345399,340963
CZECH REPUBLIC,1053892,1201090,1272767,1282497,1302518,1423783,1496398,1467445,1541306,1594740,1685265,1699040,1822067,1885947,2072611,2097871,2061482,2216889,2231060,2194394,2152005,2129425,1923831,1884865,1854322,1905482,1901734,1890979,1920539,2014572,1937282
DENMARK,1640027,1732761,1801237,1850115,1894421,2015445,2007788,1995482,2094100,2101504,2171690,2274580,2380964,2563691,2629192,2714353,2850505,3197587,3146650,2751789,2759121,2799796,2844105,2900700,2907011,2966817,2947905,2990905,3009305,3003393,2994964
DOMINICAN REPUBLIC,152367,166485,176994,199319,213616,223293,248061,245109,264040,272763,282103,308352,343103,356313,354280,367096,369502,410129,438931,458996,479168,498264,545172,581308,654830,639599,687383,701357,710877,786541,821579
ECUADOR,98228,108956,122063,139776,165120,192119,192026,245802,249700,247514,278226,326596,352625,377439,416886,387740,454224,446268,491846,532715,565276,582396,656163,696525,750154,795734,847388,886264,921891,999930,934559
EGYPT,406087,466792,513087,529414,550554,591453,721771,803856,831783,948000,1096175,1145010,1170405,1257336,1325417,1386711,1476472,1754311,2256682,2411680,2485868,2581037,3359271,3707293,3936098,4738718,5073535,5661172,6503265,6308112,7707634
EL SALVADOR,69580,74914,87649,91146,99035,112788,120685,126106,134519,130980,163781,148407,160690,168448,179338,218810,215844,222873,234877,243873,243479,250149,274175,280223,292184,293215,304590,307166,314418,317376,331134
ESTONIA,209703,249457,280277,282991,266885,293521,317313,294264,307441,324292,324637,322820,337117,363515,369927,384240,409275,419614,436347,443767,459194,470382,487453,448560,464570,434627,441363,440143,446770,471592,474015
FINLAND,1690714,1868850,1921641,1994773,2040783,2136251,2126338,2040000,2172910,2263283,2344139,2340118,2461451,2567404,2661638,2816032,2895985,2945926,3082796,2722617,2741964,2748803,2711931,2689497,2775879,2825467,2815032,2901603,3054905,2944764,2846585
FRANCE,14688459,16028681,16747076,18016595,18133647,18983532,19975253,20477106,21259935,21532110,22193177,22442567,22798279,22955192,23993609,24302094,24155997,25000364,25531678,26103462,25585394,26073000,26912131,27098901,27164647,27772161,28451546,28091943,28284527,28813162,29923918
GEORGIA,40728,48293,57644,72558,90499,119210,162285,162264,170316,197340,221674,236016,247163,275664,302575,317763,320332,370146,373252,385831,384559,399273,427389,437308,430744,446645,453600,449242,443047,527754,526475
GERMANY,18134106,21334112,23224945,25124007,25946054,27783851,28251514,28895168,29320247,30388797,31089372,31304380,31499721,33802921,34785641,34902332,34470254,35952827,36042604,36196309,36529907,37047360,38102624,38102044,36792239,37178908,37176442,36839575,36788648,38184416,35629875
GREECE,709673,860539,1016699,1155583,1242734,1573570,1812413,1708683,1792986,1874602,2035566,2122631,2132365,2288141,2458440,2539863,2558573,2769083,2795843,2828681,2897382,3021716,3114886,3186314,3181604,3181381,3253063,3259914,3267389,3340731,3364159
GUATEMALA,66312,90495,91697,112189,148894,142770,142224,156930,148846,148627,150140,155741,176837,182466,198427,202510,216054,241657,211637,222072,233835,234758,240848,240648,252127,253349,269114,277680,270564,247189,250370
HONG KONG,1589168,1638619,1708471,1770180,1841345,1863433,1961692,1957853,2046397,2070823,2186470,2230604,2325642,2411822,2476192,2639216,2731508,2771537,2870568,2906372,2904068,2922058,3013353,3009880,3024811,3062575,3100714,3068316,3063907,3113786,3140699
HUNGARY,1052005,1194825,1331071,1377597,1389242,1513209,1604669,1588777,1657531,1788851,1865457,1850629,1910686,2052910,2127685,2188881,2237395,2401144,2599912,2618168,2626388,2810081,2876890,2862427,3103967,2873654,2951646,2967266,2955699,2937718,2872769
ICELAND,106996,112640,113813,114395,116415,119539,120532,112770,120002,118757,123208,121148,126988,129129,130503,134977,142497,143405,152764,147865,150364,154656,159845,157557,168829,168745,171345,169330,177011,178844,187080
INDIA,1768679,1941707,2101188,2366646,2597007,2669170,3072225,3306746,3323870,3505711,3953864,4628389,5329589,5737534,6974562,8175133,9164727,10753534,11498812,12303447,13873381,14278593,16639338,17519442,18371345,17844839,18075494,17284345,17969589,18240827,18065584
INDONESIA,275643,336669,406546,470577,618494,772600,977165,1189770,1317189,1467575,1608761,1863685,1807798,2265275,2234457,2596532,2639727,2658671,3141984,3287593,3499049,3667474,5397010,5801165,5804419,7225893,7760546,7045455,6194014,6045022,6306387
IRAN,175430,211665,239892,255259,280730,299609,319183,364051,400592,426671,493460,559975,632893,769454,852273,1059709,1294112,1492400,1587603,1775406,2926936,2935571,3099499,3261214,3699200,3997980,4607177,4699713,4846922,5167132,6381259
IRELAND,775588,869350,961868,996459,931906,989553,1046853,987837,1056452,1262835,1415226,1309067,1403984,1498554,1551879,1524971,1474756,1541863,1600721,1585775,1616493,1690911,1777238,1706588,1786084,1868246,1938670,1857474,1926795,1994451,2083146
ISRAEL,1097501,1335470,1429002,1454205,1531441,1480683,1703531,1725842,1657558,1928330,1844391,1968492,1988714,2018419,2180014,2466663,2451949,2795287,2835458,2573777,2278201,2338836,2290158,2388186,2245183,2311537,2482872,2442045,2264162,2477430,2417920
ITALY,5491532,6177111,6659900,6932791,7276078,7826639,8512442,9125774,9463621,9830915,10790997,10904994,11396425,12349135,13627039,14374021,14340275,15494819,16916226,17965986,18180191,18750460,20513296,20180584,19173868,19815167,20021068,19252087,18620207,18783459,18153681
JAPAN,23570249,24752786,25455899,26478954,27819400,28870790,29423491,30453871,31616619,32007697,33238206,34841046,37543695,39558739,41218182,44804619,43998191,40413303,40510336,39876417,40293015,40726690,41424023,40794484,40008677,40370608,40042679,40796367,40659122,42348735,44487590
JORDAN,51899,72840,77542,89804,94047,126287,126153,129332,141416,162115,184149,187667,188746,210816,247169,251090,242880,252412,277471,281582,261870,249633,255998,255305,273807,284833,294409,301942,309520,311885,319301
KAZAKHSTAN,108535,127691,156303,177419,166009,210966,259309,271047,296075,353861,412146,430534,644554,740669,819915,845880,944986,1166313,1316908,1314078,1404260,1458905,1632812,1642919,1718007,1770976,1929862,1904698,1914641,1956644,1868268
KENYA,21502,22785,22637,24008,24461,26894,27299,27980,32974,28149,36532,40361,45551,231135,235056,265557,345208,332383,413196,481406,541937,649948,1067283,1152555,1265752,1193435,1386324,1657291,2038070,2008459,1785471
KUWAIT,69969,96697,108255,137222,129092,153963,189089,192915,202121,185214,227437,273156,286123,336359,420512,557755,610084,581929,728398,936233,932814,990909,956875,1098424,850818,837464,899851,895771,831513,488159,692062
LATVIA,273180,310972,329004,342121,340245,363399,373535,369658,383761,390236,406741,410269,435960,449464,467180,467270,473256,493909,520220,522513,534819,555017,573809,573113,581659,602836,613981,611753,615318,633786,641116
LEBANON,21154,35779,44988,50983,58924,65662,79531,91604,93877,98668,102678,108209,115944,126528,146906,146889,152894,181978,183589,183048,186890,204900,208321,207820,220260,221797,224067,224793,225993,220362,217890
LITHUANIA,380646,451922,500795,498500,478676,529426,531819,577065,541741,568490,612471,622126,615516,644229,660326,672422,678038,717350,731493,743622,754045,767872,799150,813968,839036,870777,949696,899118,930756,960639,1022653
LUXEMBOURG,93763,109405,115418,125836,126618,130407,133834,132088,143657,147203,157078,156316,167274,166406,167128,162871,166212,173017,175955,167120,168009,172032,169728,162696,165112,169886,172313,175365,160548,169154,167263
MACAO,47793,48355,52919,58101,57470,60646,62293,66319,79593,85593,96346,102216,112094,128228,144438,169282,126309,127753,152519,144815,148529,151414,155780,173583,156472,146869,151764,158710,149032,160673,157964
MACEDONIA,56872,93535,159510,148255,159783,185735,213294,228805,236554,255176,288963,262628,280223,298032,313224,324900,326256,370694,382297,383041,367244,370307,396355,413560,419542,421547,394150,391063,364464,370987,388701
MALAYSIA,681617,750315,744577,791180,839656,959429,998903,1019131,1098719,1330643,1432064,1514032,1615763,1997434,2031709,1835084,1813595,1945327,2156957,2205250,2113813,2202604,2268859,2208141,2137032,2136588,2038875,2046491,2090253,2113530,2157348
MALTA,75574,83950,97440,98621,103055,112678,118491,106382,109746,118603,108684,109215,125347,125927,136317,147128,143475,158442,164130,164836,172569,166935,170446,175646,177383,157429,158878,159271,162209,169699,180144
MAURITIUS,28544,38470,46448,44906,49857,51245,83367,73291,74693,74109,77754,126022,127603,161657,156409,158889,163489,153789,187825,194686,172241,177967,191208,195482,199344,202792,205178,217352,224708,222172,289244
MEXICO,4009120,4264873,4560214,5062138,5452023,5789338,6192166,6521601,6926703,7216663,7731393,7976676,8265121,8563337,9032351,9367144,9736175,10126141,10835278,11162010,11753996,11755327,11444834,11380873,11635802,11719422,12308233,12450405,12630052,12989798,13659252
MOLDOVA REPUBLIC OF,49068,68972,88725,98687,118117,152654,181958,185755,201236,238709,264695,277962,301861,345126,370787,385102,402779,470441,498919,496460,515710,547870,559297,563720,548681,577599,632686,588909,600568,500060,651744
MOROCCO,214821,243730,283528,285507,265734,304812,312400,303158,316242,371410,384068,351331,357906,392484,469705,494603,865519,978150,1238724,1165109,1164904,1288453,1355585,1390406,1448289,1698051,2102194,2596937,2460301,2972351,3421174
NEPAL,12331,20159,16759,18081,18814,25027,24623,38933,40862,42680,44778,52883,58656,58406,169207,187889,212508,226026,230113,123238,221619,196428,263931,290834,242664,269374,168630,164340,165017,317498,297366
NETHERLANDS,5450716,5808031,5950567,6162378,6281292,6414479,6608881,6494727,6684269,6682762,6918515,6991996,7835262,8155446,8158617,8256149,7998899,8020596,8183991,8319010,8695063,8866233,8983573,9264969,9036140,9181935,9223366,9085967,9163943,9295569,9260974
NEW ZEALAND,831298,927593,964462,1048573,1029306,1068747,1087537,1125140,1206942,1232390,1310587,1348551,1421182,1485922,1562227,1685270,1842020,1903260,2022538,2050493,1995257,1985858,2075744,2127052,2134518,2139109,2132600,2121220,2051030,2126509,2077113
NORWAY,1631719,1748352,1847256,1889416,1837385,1961639,2061657,2020278,2208315,2189467,2369669,2362368,2608755,2835426,3039826,3235337,3354620,3554364,3708569,3663814,3529611,3588904,3704487,3761015,3789628,3832092,3851419,3776901,3937070,3906601,3986633
PAKISTAN,125909,135193,167762,168463,208549,219581,274595,307691,350744,395277,458429,571270,625419,749113,739382,880617,1084984,1378835,1467773,1453955,1471299,1515007,1601375,1766317,1853059,2009075,2229266,2167657,2347048,2367384,2416039
PALESTINE,49423,52097,55348,58242,60553,63092,67446,98572,78314,95747,98271,101308,103456,133037,166585,173713,181010,207821,238632,248092,237752,251003,257531,243171,235805,239289,252817,268137,262268,272124,280901
PANAMA,162174,155502,168866,194707,205560,201223,216968,236180,276748,242652,290525,304054,321505,311379,316675,344293,323242,336298,338403,356946,432724,441449,428853,430331,482541,451564,502706,504094,508958,442400,479840
PARAGUAY,22347,23481,27187,30659,31279,49522,57065,61550,93195,73607,81109,91618,119346,103396,110951,120701,130278,133644,185356,199637,195927,353876,463589,472196,656597,735750,741794,729576,712224,181956,163522
PERU,378792,392673,395903,451293,481613,506804,507905,553208,590617,574163,586742,643071,666052,698055,729745,860546,873748,939176,938240,974836,1045654,1089227,1167002,1180484,1276731,1235110,1176012,1165907,1166537,1149874,1033567
PHILIPPINES,477194,512712,587788,660790,750476,784351,816026,1035076,920892,970969,1004888,1055395,1092287,1082351,1146930,1187620,1241166,1254324,1319843,1330710,1320029,1385497,1251442,1257305,1252186,1240483,1309301,1396336,1392292,1391627,1393252
POLAND,2628566,3325255,3649133,3781034,3817032,4234791,4649654,4725067,4969462,5154044,5569363,5628566,5874883,6305831,6568793,6789183,6950764,7505785,8016244,8149172,8394814,8712238,9199886,9310294,8570969,8932697,8985038,8673670,8488020,8145998,8469005
PORTUGAL,1150694,1237108,1358531,1457456,1468373,1560790,1783393,1805068,1875470,1995980,2155624,2263638,2455899,2583181,2526716,2684218,2751951,2881956,3022278,3043488,3134259,3224526,3282369,3453192,3458370,3498671,3568706,3522809,3603521,3660508,3752205
PUERTO RICO,286457,299333,336691,347025,362380,369188,402475,411426,433331,450738,469006,471019,498936,498505,515610,512738,516664,525505,488215,501621,551882,574926,612176,510942,509306,545581,573552,539001,487812,487387,516360
QATAR,72289,96722,84663,91968,109756,111467,119551,134262,139801,148408,162570,168772,167946,182452,225443,238321,242734,273285,408462,298099,266614,324592,369547,281340,273134,306286,369359,360020,376586,350273,332449
ROMANIA,1423800,1625666,1886121,1849863,1835126,1944282,2130317,1987206,2040952,2155054,2315026,2272858,2278192,2423363,2529802,2452172,2414524,2675874,2676118,2670881,2646244,2819286,2939961,2843527,2862979,3067595,3143611,3090606,3257770,3247317,3381558
RUSSIA,2137082,2829754,3333227,3650596,3720531,4770449,5736122,5998292,6777967,7784900,8822883,9031092,9895838,11606202,12307096,12301686,13032337,14903046,15860988,15472955,16056368,16875757,18149620,17571549,17597927,18369348,18752316,18152617,18617926,19277054,19216729
SAUDI ARABIA,177395,304327,461408,462149,768644,754747,977407,1036763,1121781,1233335,1354228,1490658,1771037,1918428,2158927,2468800,2546592,2859521,3409894,3546444,3806376,3905262,3714502,4069845,4094599,3977349,4013911,3922233,3942459,4063712,4440167
SERBIA,152042,201990,236730,292813,337234,380433,435589,453503,514485,613435,695320,793429,814658,845226,928614,932872,936603,1002844,1046390,1002256,993669,1039608,1107456,1138763,1140210,1197589,1222275,1210840,1215420,1268525,1358871
SINGAPORE,433614,433610,503268,596608,713062,780082,888443,882928,922990,944415,1059974,1109375,1187528,1281939,1346106,1431722,1575905,1350357,1349758,1301374,1447319,1406851,1457032,1525939,1566346,1563139,1767290,1640638,1600272,1669997,1734851
SLOVAKIA,281531,349969,412506,410087,408601,457098,498083,510540,548245,629244,748774,672813,706953,792383,797826,828750,791694,845546,903926,902201,908108,996175,990668,1070134,1054468,1082612,1073253,1038172,999748,1095857,1100324
SLOVENIA,318517,370398,403452,430000,412358,458754,504332,475141,489564,555330,565461,594055,595143,645494,741227,692984,747397,770178,791199,771990,811756,822911,966836,994972,957156,990259,1062293,965334,1070311,1042957,1238442
SOUTH AFRICA,520279,631132,717192,1175616,1916476,2276831,2195930,2442081,2707976,2759404,2810750,3033368,3260751,3114104,3411009,3650697,3893879,4223865,4735475,4683988,6017605,6361326,6620540,6617569,6496136,6829616,5465719,5064941,5292172,6378613,5895232
SOUTH KOREA,13271570,13656569,13399143,14393366,15090029,15131079,14572263,14747127,15304052,15610518,16849770,16887856,18717533,22037175,22537393,22842744,19888800,20197351,19808619,19666997,19771924,20242185,21319392,21338140,21169590,20382592,20987274,20774241,20710138,22085941,22640746
SPAIN,7640009,8246517,8582496,9199735,9112583,9688884,9913797,10097354,10395685,10682763,11214125,11446480,11953541,12453498,12857982,13100333,13026862,13484183,13990828,13483737,13210373,13458196,13797148,14018302,13668278,14013229,14476395,14541353,14564235,15000985,15339703
SRI LANKA,31627,32237,34772,48474,51391,51714,60090,68892,80167,80386,114015,123316,139419,168051,161536,173797,195264,217533,227195,246049,211904,212337,215839,211072,261771,234584,285447,258336,276532,208804,244305
SWEDEN,3403447,3801997,4007461,4010972,3633718,3799088,3902857,3683767,3870957,3841046,4134458,4328855,5143279,5690443,5942686,6464647,6368338,6118671,6457731,6557474,6482900,6962118,6854248,6758946,6893485,6753978,6862418,6245821,6094512,6298071,6145252
SWITZERLAND,1700696,1804651,1869936,2025054,2047762,2167817,2227185,2363153,2425696,2520086,2641097,2626210,2736034,2836799,2967789,3050709,3050576,3223220,3208453,3245263,3301330,3319498,3594817,3479166,3491000,3615606,3677680,3568665,3612398,3755302,3807078
SYRIA,16913,22552,21779,27007,34185,39949,31721,28630,27787,44976,88736,90949,166017,217412,221703,290801,335822,436661,529987,566084,567293,580956,619956,639976,667681,638384,624436,661574,410849,531672,501117
TAIWAN,4219872,4438512,4738125,4940245,4948129,5135538,5269938,5481143,5812846,5781944,6056083,6276153,6523775,6875427,7782450,8540966,8957506,9611515,10494010,11382264,11600240,12042415,12455422,12069563,12024858,11001109,10949391,10831404,10764745,11035501,11160423
THAILAND,780307,879426,1037579,1070387,1145719,1293746,1345361,1489400,1598593,1602352,1786492,1866623,2371679,2572868,2931150,2978142,3060453,3144791,3182853,3284958,3327287,3273626,3301249,3147762,3340739,3380127,3528305,3470610,3561861,3396808,3356691
TRINIDAD AND TOBAGO,33966,58792,73661,98958,103814,112415,132273,125975,138698,129272,136780,140396,146571,153923,165063,171361,172955,183039,193514,194925,191153,192612,199365,200173,202353,209197,215677,225412,227806,218825,206734
TUNISIA,65235,75828,91528,106347,114691,155381,182418,211501,237572,262352,323491,338897,339853,397793,449975,518893,480810,599134,634727,629350,704120,717475,780769,790827,806729,936945,716735,746959,1220539,1511398,785117
TURKEY,2632946,3221138,3746324,3901267,4042263,4658263,4940074,4629175,4809826,5161781,5429673,5840185,5725300,6290704,6711602,7029883,7326320,8396259,9407510,9357214,9682770,9184417,9552470,9652143,9811602,9870318,9999114,9923910,9704169,9591189,9145444
U.S. - ALABAMA,572973,585365,641667,642103,639958,627678,652193,648025,662463,665809,717358,711324,781492,794196,880057,843746,869316,900814,944434,934166,953359,1076599,1062056,1047009,1239604,1277573,1227136,1201894,1210039,1300049,1350959
U.S. - ALASKA,224026,215318,226665,235981,224170,238135,239363,240886,247396,248577,260676,253635,264181,267832,275928,268860,263856,256124,261661,257358,263411,268515,268544,279963,258033,271872,273336,277164,272608,265333,268251
U.S. - ARIZONA,2176390,2336163,2457346,2569098,2721745,2805037,2860421,2907974,3076522,3043663,3281193,3365017,3672825,3637559,3828904,3712576,3715463,3684860,3667504,3369845,3373244,3484079,3289653,3158062,3063144,3079724,3139462,2996624,3124464,3173073,2744504
U.S. - ARKANSAS,618164,714068,752227,822517,927117,1006426,1053343,1046788,1091171,1108966,1180135,1186379,1255937,1286199,1307340,1321566,1278329,1288470,1306595,1402392,1355466,1357461,1238817,1250792,922951,874987,897065,910258,935937,934422,951461
U.S. - CALIFORNIA,10306569,10812236,11475367,11840839,12207417,12551044,12933427,12643565,12921653,12830443,13853406,14438241,15653264,14853608,15064191,15334235,15793526,16009795,16453433,16559374,16064367,15851137,14045191,14098988,13982568,14941761,15231917,14416806,14326489,15163814,14448657
U.S. - COLORADO,1975337,2122842,2245468,2304597,2415944,2433413,2588111,2548684,2724093,2574317,2977216,3094510,3260039,2999483,3148135,3149353,3181106,3240020,3415123,3131592,3546893,3495279,2656592,2682516,2353386,2408734,2545004,2474309,2560782,2669615,2521067
U.S. - CONNECTICUT,942054,977024,1005845,1026714,1047724,1034328,1048823,986759,1042624,1055097,1092661,1055725,1124439,1132402,1149673,1135162,1185776,1193913,1220388,1148797,1217515,1184942,1179639,1173115,1232601,1257351,1273608,1117958,889874,1289589,1278418
U.S. - DELAWARE,138579,145261,147913,151560,154047,154484,153787,142549,155882,149580,141751,144969,154451,169274,172746,170586,174384,170094,176482,170576,249611,285021,325809,325747,401063,422754,419317,258089,282618,307602,318825
U.S. - DISTRICT OF COLUMBIA,1359779,1431625,1547899,1667148,1788164,1827884,1984170,2010295,1983655,1974149,2446494,2747573,3029828,2472836,2745960,2839026,2990565,3048466,3058517,2927361,3269568,3152918,1684676,1555037,912369,1007692,1028982,1026654,1060780,978897,847932
U.S. - FLORIDA,4540206,4739837,5153805,5162575,5181080,5499151,5926699,5574508,5808596,5831140,6290953,6323200,6539654,6504428,7162714,7168726,7194283,7451863,7670604,7178387,7419693,7752903,7296854,6719128,7018877,7463415,7784422,7308614,7613569,7808188,7852022
U.S. - GEORGIA,4960842,5392697,5862224,6069026,6413202,6937744,7354024,7667817,7859249,7846756,8640900,8478396,8799768,8312260,9271898,9339068,9216773,9320387,9363337,9651344,9800846,8605292,4837126,5737406,4875246,4822820,6719485,6545094,5747411,4687364,3832293
U.S. - HAWAII,326557,346372,351987,374340,404846,378533,390236,374131,399558,395881,421743,401529,434574,425692,425847,437232,434043,436355,447306,436819,466424,500552,457975,451998,457525,487452,476235,450964,484386,507587,567295
U.S. - IDAHO,235830,245496,256182,257369,282332,294926,302087,280155,301486,332223,350118,346180,303317,291677,345522,335042,353729,356734,386085,377738,397589,400183,379714,360366,546608,562668,568267,536814,557087,569216,569673
U.S. - ILLINOIS,4691714,5126056,5531862,5529326,6083734,6695186,7037904,7189480,7492635,7523408,8151374,8170330,8808217,8757981,9397874,9691400,9941592,10014748,9937073,9455637,8737169,8704336,5267911,5197414,5224972,6208499,6203895,5870708,5830949,6093831,5177995
U.S. - INDIANA,1193044,1206231,1404984,1476876,1580450,1580920,1648845,1484509,1686477,1642225,1706972,1623439,1766862,1786381,1925908,1849808,1927389,1938074,2007776,1918351,2124807,2262508,2380284,2475455,2773342,2304863,2297353,2176486,2285551,2390148,2505979
U.S. - IOWA,576766,606763,636212,646893,645420,774511,861052,841233,916946,920707,960574,938148,999145,998534,999002,1006578,1056507,1080618,1161390,1005298,1010201,923998,891360,904282,1072616,1075253,974513,924628,969869,993403,1021413
U.S. - KANSAS,548212,565778,588760,613510,679022,698062,659220,814239,848661,890531,1132422,1196859,1943105,2882166,3159129,3241553,2652864,1485374,833979,1265066,3014489,4385032,4607836,3675411,5181291,986799,1002638,961384,989795,1023291,1015703
U.S. - KENTUCKY,663672,676249,712531,552916,560306,559375,592169,535704,588327,562129,569544,536947,574287,583998,599750,596670,624287,621627,649092,674279,703543,1096606,1170526,1185930,1347755,1325999,1293679,1234662,1243819,1362835,1436592
U.S. - LOUISIANA,1217989,1301605,1389975,1419126,1455234,1491142,1576413,1519678,1508257,1496373,1605928,1616582,1685702,1718178,1740865,1760292,1796614,1814460,1889979,1670801,1733952,1786899,1710482,1705543,1580071,1515645,1885130,1823825,1840905,1903195,1888326
U.S. - MAINE,323468,340905,351941,370831,375141,373679,393451,371287,402506,389083,398580,372774,415112,410447,400958,405051,424204,472125,431962,405658,439406,446460,437422,525880,572399,583208,579329,556724,609688,636608,616205
U.S. - MARYLAND,1468734,1562786,1632986,1721798,1896342,2059648,2104094,2086545,2102359,2110774,2337489,2425622,2682675,2780966,2830197,2808445,2843354,2863344,2858733,2712525,2566504,2999073,3055553,3099059,3350980,2713099,2733084,2590395,2558404,2585130,2099018
U.S. - MASSACHUSETTS,2474950,2554986,2703532,2810545,2964019,3116237,3158725,3072785,3249208,3194787,3388940,3468858,4025269,3831052,3923070,3907176,4027862,4022776,4125279,4001529,4210041,4268141,3184158,2908675,3035636,3151423,3114893,2895152,3027835,3057868,3002059
U.S. - MICHIGAN,2198928,2319939,2404863,2473586,2522431,2568271,2692638,2550959,2711215,2727094,2831644,2809118,3048822,3058505,3065269,3071602,3187093,3256358,3436309,3247544,3461827,3438277,3313255,3154285,3368059,3417815,3453180,3305417,3489569,3688831,3690756
U.S. - MINNESOTA,1430337,1523145,1613606,1703543,1766956,1827577,1898072,1845857,1979210,1970001,2042133,2002237,2145662,2170340,2164518,2133701,2194256,2181639,2321430,2007107,2122270,2104185,2004420,2055958,2120152,2354480,2378982,2276581,2394921,2406278,2296727
U.S. - MISSISSIPPI,280254,291107,310626,307258,306277,305975,319976,325035,336803,329348,353339,337183,396178,397081,395977,383029,405069,408768,431402,426278,458288,522412,517084,501643,658095,661465,673135,632987,646366,685971,696152
U.S. - MISSOURI,1809189,1920715,2037420,2074826,2154097,2584578,2734420,2812393,2983480,3057663,3413850,3454603,3804370,4029852,4135338,4129242,4196020,4159519,4035718,4063784,3627263,3718902,3157173,3239311,2703302,3445386,3459767,3258891,3275832,3139520,2172102
U.S. - MONTANA,255279,272339,297343,300270,311447,326732,308464,320854,327104,311253,322239,308234,308193,316419,325910,340119,360207,385697,391224,341601,367503,368761,379843,381717,411144,419868,437977,399797,397523,378175,359611
U.S. - NEBRASKA,633233,674080,709957,754682,819081,909913,898952,898579,921489,911791,750470,1078593,1084452,996863,1109616,1059537,1108724,1126678,1072455,1008771,710046,721054,728294,683385,712770,868177,867270,863881,884290,882451,788178
U.S. - NEVADA,681932,693470,757864,796736,803192,795436,844716,812784,830253,823810,856073,818635,899368,905389,927997,953707,925674,945208,975549,954727,991635,1014260,977793,984121,1007593,1047542,1064153,1042434,1065952,1023275,1025657
U.S. - NEW HAMPSHIRE,304565,313511,328148,336261,342758,355602,353999,338098,361676,364830,366501,358606,385275,385727,377336,375672,385182,386349,396413,386930,387208,400479,398533,454137,500542,487841,491742,470646,476277,513645,545347
U.S. - NEW JERSEY,3893804,4067564,4435472,4904889,4928135,5064686,4882071,4777202,5346439,5535886,6215750,7395325,8176595,6525515,5688191,5559815,5459078,4724357,4693462,4415865,4236158,5107606,3944847,4091522,3977485,3992489,4224099,5064684,6274622,4127403,3465245
U.S. - NEW MEXICO,407983,421108,452498,464922,471434,478679,512737,490989,520712,521377,560290,563253,572162,592101,600056,571533,569638,573002,602724,564531,540106,568769,594588,590278,606628,626486,647671,629309,634251,652812,655110
U.S. - NEW YORK,5968462,6170675,6443590,6903434,7072231,7170225,7386228,7042090,7429479,7561485,8159492,8229556,8976510,8261861,8582785,8551513,9327998,9217619,9217530,9175678,9213031,8951868,7466267,7372674,7523112,8156592,8334302,8081344,8544140,8205387,7988586
U.S. - NORTH CAROLINA,2084284,2259084,2357534,2421537,2568584,2606023,2701205,2511219,2670908,2667892,2758575,2693619,2980446,2910205,3058865,2938225,2975725,2934140,3042480,2898228,3043329,3212499,3145636,3025111,3383177,3348016,3453895,3345488,3515032,3617337,3795105
U.S. - NORTH DAKOTA,94106,98486,104778,110755,115499,125463,127083,117090,128467,126709,131493,119958,139073,137596,140952,134676,144145,150647,165304,138760,146072,144187,129114,127191,245612,245058,243437,236082,247176,235840,243364
U.S. - OHIO,3119865,3370457,3744755,3806600,3867530,4004353,4093119,3898459,3888148,3836376,4321729,4514568,4770119,4597797,4685420,4763703,4740238,4562607,4627609,4511337,4583202,4661283,5174113,7731749,11336711,17349147,12094540,10945053,9172597,12194042,4335499
U.S. - OKLAHOMA,719144,741283,786151,803402,816099,826494,884559,814275,857945,847021,879709,880583,909471,927618,946618,939613,968238,973758,1005804,1014460,1015007,1051071,1068316,1061486,1089509,1093035,1113440,1075155,1070716,1116893,1132031
U.S. - OREGON,1017023,1099902,1180152,1220580,1273935,1415784,1436788,1407076,1445840,1489462,1626039,1730984,1738123,1722232,1808384,1810901,1732972,1801301,1914329,1856191,1846002,1927720,1605293,1630337,1597326,1654245,1710306,1673758,1597807,1803496,1903108
U.S. - PENNSYLVANIA,3505249,3591140,3774939,3929066,4058076,4151017,4260162,4053689,4327894,4508463,4659304,4599093,5062126,4987204,5156010,5043632,5137322,5121934,5226569,5017230,5203325,5202812,4618363,4425538,4717225,4778369,4856746,4532241,4696862,4970471,5129146
U.S. - RHODE ISLAND,458413,448477,470149,461497,478176,485089,494444,454138,474000,466915,480702,473921,496263,492854,494243,494462,511443,515781,521396,521300,527408,532744,525056,526342,452364,432096,456064,439995,456274,453195,463586
U.S. - SOUTH CAROLINA,766761,823733,843640,815116,851130,862594,899823,880890,915393,896829,947191,935786,984020,1010864,1039172,1046267,1078183,1068987,1120337,1110294,1132882,1239842,1241511,1295559,1350046,1339491,1416045,1396921,1422680,1414947,1466691
U.S. - SOUTH DAKOTA,215786,226629,252988,253153,259716,270542,261933,265646,278388,279725,287152,277658,299289,298840,301474,307481,321451,313293,322850,342752,366924,361053,360489,361303,300086,318809,318177,305883,324905,305920,334202
U.S. - TENNESSEE,1370409,1448973,1561130,1601365,1593002,1577886,1655927,1723242,1823384,1921947,2041735,2126514,2185743,2065076,2228383,2244621,2291807,2362695,2353373,2332265,2384626,2435009,1954343,1918805,1945356,2247685,2309931,2249202,2253823,2293407,2080763
U.S. - TEXAS,7380859,8088421,8647800,8984362,9559775,9850087,10383437,10379976,10616025,10508888,11740990,11713960,12192521,11811271,12654544,13176358,13363874,13367610,13653374,13382180,12841186,12084896,8357426,8194649,8210213,10004645,10227941,9984476,10084241,10101229,8960625
U.S. - UTAH,756411,801975,844862,870335,903986,940726,989897,947802,1076691,1171108,1177940,1115820,1203416,1225192,1244869,1183202,1257330,1267681,1403731,1324586,1471028,1387451,1352438,1284024,1342528,1456280,1470586,1305800,1441218,1492848,1518991
U.S. - VERMONT,135007,140419,144991,142247,148182,146195,140564,121247,131172,138488,136930,127186,146703,147446,150451,147087,155094,160682,168760,164280,172674,146746,145203,219594,220634,216276,217521,208146,214270,228650,221740
U.S. - VIRGINIA,4243497,3987661,4093802,4496869,4034637,3881117,3932245,3573458,3804572,3777256,3879793,3567449,3743205,3653362,3517223,3345152,3371229,3303573,3397540,3258376,3337317,3400390,3243337,3225309,3481937,3475197,3573454,5584081,7954121,3696958,4025205
U.S. - WASHINGTON,2335865,2792860,3276216,3438970,3468656,3926754,3947306,3923866,4093702,3888917,3995193,3886389,3891268,3854551,4224555,4653083,4618474,4667836,4815085,4869347,4846823,4793337,2919246,2991436,2876160,2940238,3037454,3085824,2972042,5624318,3088005
U.S. - WEST VIRGINIA,273953,287532,299873,311526,305699,319903,350998,324509,348710,337490,351486,357558,399888,416864,417646,410175,407913,412885,434438,416955,435376,430135,427024,407825,529545,533664,553675,518957,535538,581689,641356
U.S. - WISCONSIN,1335805,1401784,1431959,1462661,1491766,1519930,1556718,1486667,1557621,1561013,1610920,1544758,1714096,1754680,1792605,1791664,1891395,1900221,1987747,2017968,2190573,2246429,2183515,2071913,2141559,2161947,2151856,2000200,2199241,2192802,2195961
U.S. - WYOMING,167641,181290,197711,201552,199420,210265,216921,194697,211980,201477,228172,218030,213887,321506,409669,421008,251692,449796,460334,454593,424053,411221,206984,232153,252106,239687,236409,237997,245232,312231,229135
UKRAINE,538459,675997,716568,819403,903737,1101858,1479800,1441476,1646216,1867838,2221585,2407782,2626323,3132986,3524792,3655189,3921897,4650931,5049617,5001953,5318365,5541615,6010009,5861129,5939463,6194138,5919502,5555512,5465937,5594822,5704628
UNITED ARAB EMIRATES,101024,114642,173997,234865,344950,386784,479065,432407,443870,418544,763960,785456,790826,789822,868753,974483,1025483,1089228,1185060,1192792,1219244,1278961,1426279,1482451,1498314,1509917,1513455,1515049,1444916,1442321,1490943
UNITED KINGDOM,13305856,15035842,16118015,17172226,16945586,17648170,18409345,18374462,18974589,19379878,19649850,19611599,21275953,21789471,21926300,22745416,22376099,25232479,25720814,26579255,26416728,27139729,28869189,29131348,29142389,28679676,28509857,28206499,26742484,28910888,30556750
UNITED STATES,89399946,94483460,100902534,104636797,108155873,112661260,116695677,114292342,119479629,119535033,129041453,131137120,141042408,136872981,142400700,143303873,145284189,144372532,146463059,142879594,145002042,146874246,149792465,154515420,158501183,164904690,162676451,156767641,156786482,151386342,151820880
URUGUAY,117262,131331,158503,161515,181281,190521,202554,214465,239993,244024,275709,326509,324416,334289,338212,423949,447640,543350,511432,605597,651293,602249,654932,756035,768267,857410,1112243,1143401,1216385,1245722,1435876
VENEZUELA,950807,1099718,1209700,1422659,1434257,1517066,1615975,1606894,1534009,1690795,1900855,2181887,2038153,2176380,2324068,2353578,2071500,2182358,2335262,2540078,2760444,2697362,2760759,3097633,3333533,3589910,3894506,3971010,3918941,3782243,4187947
VIETNAM,739771,808070,905011,1125713,1159086,1467760,1338688,1432090,1450776,1636314,1745400,1832260,2080144,2257507,2310518,2303215,3355140,3762689,4270306,4434387,4691092,4968024,4958654,5118665,5296163,5985212,5743296,5477969,5685003,5850654,5451534
